27                                               

3.002748821766429e+00 -2.209556683571289e+00
4.338333205585186e+00 -1.841290116799197e+00
3.723381306268372e+00 -2.074694235571410e+00

2.745359789291969e+00 -1.187474819779618e+00
2.539988325009736e+00 5.733130532339979e+00
1.610305111464912e+00 4.387154188399395e+00

4.607555294373814e+00 2.471863115833656e+01
3.837312717218362e+00 3.225669168055976e+01
5.907329927703870e+00 2.746149080674487e+01

9.641456206342891e-02 -9.502957463097360e+00
-6.223182982130333e-01 1.317086134515296e+01
2.883400166182978e-01 2.039782417104874e+00

6.504511252927522e+00 -5.701485977917377e+00
-3.063166237830033e-01 2.087972034702060e+01
4.642577111454528e+00 9.882712638955088e+00

7.698453264402803e-01 -1.229982038828582e+01
-2.677286553130687e-02 1.640331219508083e+01
-8.363186377633620e-01 1.469788517820931e+00

6.528885513119219e+00 -9.144106971022726e+00
-5.938607036195146e+00 3.607814730559857e-01
1.095137779190567e+00 -6.541625777641944e+00

-1.974167373942696e+00 2.383698317696660e+00
2.234315351734189e+00 -4.394391218296551e+00
-9.913992798588617e-01 9.471066962423869e-01

1.565875890845712e+01 -2.586467630025141e+01
-1.846127148197373e+01 -2.154768896362929e+01
-1.427052444814976e+00 -2.290597863241699e+01

-6.258819276410108e-01 1.339643906056824e+01
6.933200195735546e-01 -6.680290901025842e+00
-4.336535449252592e-01 3.195651882109189e+00

-1.092060890976990e+00 1.483410766750976e+01
8.168538964358930e+00 2.157223055557198e+00
2.725320654366747e+00 1.041978756264819e+01

-6.307594180372136e-01 1.092300787151694e+01
1.379837689352197e+00 -3.320597793494614e+00
9.145518122051908e-01 1.852607020179143e+00

-2.150140184028841e+00 1.240584844056542e+01
3.979634072872849e+00 4.393934751445203e+00
1.778079568580696e+00 5.958018529131706e+00

-1.858074513147100e+00 2.066666043556598e+01
4.128901786299434e+00 7.727930999502562e+00
1.292112486750310e+00 1.391288513717296e+01

2.404748450679933e+00 -5.489804595770562e+00
3.917962184956198e+00 1.488537793083637e+00
4.518107506736113e+00 -3.914924591641021e+00

4.755034690008563e+00 -2.641786082913181e+00
-3.339215308330682e+00 1.846374658273816e+01
7.795416206256320e-01 6.328806667290324e+00

-3.231065473165385e+00 9.625501263992156e+00
7.613435310804985e-01 -5.660546278201577e+00
-2.053566343432044e+00 3.423672280245277e+00

1.509960521873198e+01 -2.819997405522102e+00
8.764561599408632e+00 2.464615581154895e+01
1.257247969302880e+01 1.141779337319386e+01

-4.260307836943299e+00 -7.352230659905739e+00
6.351280734330073e+00 1.060667514778082e-01
2.950642701535977e+00 -5.816336988722719e+00

1.952498152058390e+00 -1.100228265259059e+01
-1.664754456572593e+00 7.657684060315439e+00
2.038135013098575e-01 1.779026156272984e-01

9.782887160540048e+00 -1.559494984098895e+01
1.467928597193697e+01 1.085214959251844e+01
1.287794990394307e+01 -2.114701605302979e+00

-3.576237553983843e-01 -1.148487975247054e-01
-2.205167984573351e-01 6.852447696767440e+00
1.026567431066737e+00 1.453139811715787e+00

-1.146778556758945e+00 -1.159961939731898e+01
-2.697666671739317e+00 1.860890794833054e+01
6.443281549660524e-01 5.207537197879128e+00

1.409876251411135e+00 2.200710847522071e+00
1.549131929995673e+00 3.350290045224068e+00
1.516711942489206e+00 2.793289432662938e+00

2.903314386327453e+00 2.802490828979320e+01
6.020460594106205e-01 3.425841050246981e+01
1.680425400728910e+00 2.939890400018874e+01

3.152547195944506e+00 -8.572544860462441e+00
3.502408535885862e+00 -1.414619034158455e+00
2.295653394670274e+00 -2.873277636861229e+00

1.164703309451780e+01 3.377714582816192e+01
1.061269131070573e+01 3.901221473447136e+01
1.008268349262041e+01 3.966822337213052e+01

