243                                              

1.547577084555434e+00 -8.027303193439540e+00
-1.096966965209447e+01 -2.842383095486436e+00
-1.028171724279012e+00 -3.868683215151131e+00
-8.369512648461441e-01 -5.239856652617501e+00
-9.644287705159074e-01 -4.588493088782850e+00

2.466449873233066e+00 6.407630617662431e+00
1.050028218893561e+01 -5.985559921085851e-01
-2.297121824267355e-12 -1.656019272683761e-13
3.684863329334411e+00 -3.883944772131577e+00
6.599191458383777e-01 8.376494309045647e-02

1.169491279898095e+00 6.903599182271634e+00
1.120217471348854e+01 1.082357158417233e+00
-6.139187905585599e-01 1.096779156607935e+01
2.387904735997177e+00 -3.387976207521941e+00
1.361811670392246e+00 1.764678093620699e+00

1.833278965560903e+00 2.522282737253078e-01
1.607743820821865e+00 -3.164559395191628e-01
6.139187905587900e-01 -1.096779156607836e+01
6.148655094608735e-01 1.054380366351925e+01
1.607743820821825e+00 -3.164559395187873e-01

-3.449018471778131e+00 5.929686533842320e+00
7.091259290667860e+00 4.559904106479413e+00
-2.404124175131360e-12 3.737631053989547e-12
-3.449018471780382e+00 5.929686533844625e+00
-2.749103752431788e+00 5.242225041678580e+00

-4.256077142159691e+00 7.238602044536282e+00
8.580528829662592e+00 6.239995506541022e+00
-8.647025717426988e-01 1.441633996081949e+01
-1.084900128169777e+00 -5.648003023418283e+00
-1.484578984448509e+00 3.948837026962196e+00

5.077974708072145e+00 9.227803227967788e+00
1.428725902723318e+01 -3.586557740591363e+00
-8.646907662568356e-12 -4.419448462071766e-12
6.296388164177507e+00 -1.063772161825074e+00
4.446895984137809e+00 -2.904236805399377e+00

9.659733293616173e-01 -3.394422086333198e-01
5.355235791011344e-01 8.843591322381272e-01
-6.139187905585257e-01 1.096779156607967e+01
2.184386785461506e+00 -1.063101759842774e+01
5.355235791015074e-01 8.843591322383628e-01

4.220005688515923e+00 -6.589035959491494e+00
-7.708693233439909e+00 -5.920265417498129e+00
1.915628323745767e+00 6.932663985910397e+00
2.964100237629361e+00 -1.598978315916921e+01
1.888299293576124e+00 -5.056061446966325e+00

7.140265254487937e+00 -4.884800589140692e+00
-4.339827859376355e+00 -9.353038772288809e+00
6.139187905574324e-01 -1.096779156607676e+01
7.140265254493418e+00 -4.884800589140981e+00
5.500535183719871e+00 -1.003535970748799e+01

-4.105030343349041e-01 5.195534907436397e+00
8.882296105665093e+00 3.516025776029375e+00
-6.139187905583370e-01 1.096779156607872e+01
8.079104217642472e-01 -5.096040482358339e+00
-9.580669374326429e-01 4.198346711231265e+00

-4.969872572639488e+00 1.269257517157675e+01
1.545028033481979e+01 9.250317608865785e+00
4.978442851556551e+00 9.823353170233494e+00
1.835552695825470e+00 1.221699703239897e+01
3.395400531780350e+00 1.115372663472902e+01

4.351962670766781e+00 -7.200782720254805e+00
-8.509699434342313e+00 -6.330935122990502e+00
6.139187905592536e-01 -1.096779156607596e+01
4.351962670767339e+00 -7.200782720259166e+00
1.330663608761542e+00 -7.013256058191842e+00

4.148007680610466e+00 1.026077361238698e+01
1.538701418049891e+01 -2.255569769221984e+00
5.903780533915961e+00 3.621662206904163e-01
8.344875812651408e+00 1.236214507771009e+00
7.202755609570077e+00 7.614731394529796e-01

7.407282378583180e+00 6.886851287673252e-01
3.426666196447383e+00 -8.192304060566057e+00
6.139187905579289e-01 -1.096779156608389e+01
8.625695834683603e+00 -9.602890261031163e+00
3.426666196457291e+00 -8.192304060559737e+00

2.629195282421338e+00 -2.679587859398251e-01
9.945161909440083e-01 -1.612279408965036e+00
-6.139187905581709e-01 1.096779156607867e+01
3.847608738520435e+00 -1.055953417573443e+01
9.945161909454454e-01 -1.612279408964815e+00

-5.021176696021219e+00 -8.417508338752768e+00
-1.494368033936443e+01 8.996497788668727e+00
-6.139187905613577e-01 1.096779156607325e+01
-6.239590152128349e+00 1.874067051038196e+00
-5.103317296273535e+00 8.314176853479612e+00

7.029618394377466e-01 6.449819561737882e+00
9.925336614797846e+00 -1.313836210597272e-01
1.139127495354483e+01 -4.682950486891949e+00
7.602511507305755e+00 2.105754761300006e+01
1.015583096973455e+01 8.687429710670093e+00

1.020443369943561e+01 3.433926908094233e+00
7.765846396139469e+00 -1.133669877631184e+01
6.139187905693166e-01 -1.096779156607882e+01
1.142284715556257e+01 -6.857648481699385e+00
7.765846396126701e+00 -1.133669877626995e+01

6.388896979637612e+00 7.827498566266687e+00
1.275273008463393e+01 -5.468263518424731e+00
6.139187905600649e-01 -1.096779156607778e+01
7.607310435741338e+00 -2.464076823525193e+00
2.912367041538875e+00 -4.785942583228469e+00

1.847404211754818e-01 8.936998838210009e+00
1.463146806520433e+01 1.127931828327101e+00
3.591608135010055e+00 -1.055444606078937e+01
3.754489679978329e+00 1.225034317071107e+01
4.182227589157423e+00 1.255880491281528e+00

3.961426203006961e+00 9.040764553952043e+00
1.388342160462013e+01 -2.253436967741426e+00
6.139187905565127e-01 -1.096779156607750e+01
3.961426203011132e+00 9.040764553943372e+00
4.043058561528825e+00 -1.571116032537087e+00

3.126886008862841e+00 6.748053819838856e+00
1.096767521346239e+01 -1.442859227006427e+00
6.139187905579503e-01 -1.096779156607963e+01
3.126886008862456e+00 6.748053819839323e+00
1.127312170364847e+00 -7.605382918054282e-01

1.366341669760420e+01 1.094715168138769e+01
1.829639803204961e+01 -1.408170755873187e+01
1.061758204275591e+00 -1.834138777403497e+01
6.607077191722599e+00 -1.658664185310990e+00
4.366869395930165e+00 -9.752834208857216e+00

8.645965616278742e+00 1.093632252712949e+01
1.713483736898429e+01 -7.699804224217059e+00
6.139187905687657e-01 -1.096779156607125e+01
9.864379072395330e+00 6.447471373448510e-01
7.294474325895410e+00 -7.017483289043640e+00

3.851864819948797e+00 -9.379566216748469e-02
1.518381861401229e+00 -3.366178304624102e+00
-2.358836852224942e-13 2.954799956197728e-13
5.070278276049355e+00 -1.038537105196162e+01
1.518381861400760e+00 -3.366178304623745e+00

-2.624535291742131e+00 3.020727340092600e+00
3.158796260404748e+00 2.229991131950934e+00
4.070848417466659e+00 -1.829261324857359e+01
1.026139294947288e+01 2.878629493651624e+00
7.814202807073720e+00 -7.403974664419577e+00

7.743752385630628e+00 -3.425218512842792e+00
-2.145141752902969e+00 -9.702579275404069e+00
9.446948019830861e+00 -8.914608566536973e+00
1.103129035632269e+01 -1.838073894223411e+01
1.004244744362670e+01 -1.389631133479419e+01

4.605198193859020e-01 -1.261782762636775e+00
-1.004576507999785e+00 1.467061754842750e+00
1.224911599861111e-14 -4.193160488339697e-15
4.605198193859111e-01 -1.261782762636783e+00
-1.004576507999704e+00 1.467061754842717e+00

-6.030860027654797e-01 -3.417544394796878e-01
2.229924325857167e-01 3.337869789560453e+00
-6.139187905570300e-01 1.096779156607911e+01
-6.030860027652689e-01 -3.417544394800025e-01
2.229924325857429e-01 3.337869789560223e+00

-5.337486984546080e-01 -2.857593316915409e-01
3.250326933853853e-01 3.238233611475654e+00
9.875137100804180e-13 -5.403754847350756e-13
-1.752162154554880e+00 1.000581605810310e+01
3.250326933854497e-01 3.238233611474941e+00

-3.603540902387844e+00 4.040988225517370e+00
7.034210773094928e+00 8.681237120366280e+00
1.155430481239116e-12 -3.673222412833132e-13
-4.821954358485710e+00 1.433256361531414e+01
-2.806152270001852e+00 9.363558055570147e+00

-3.246331994537672e+00 5.963336261486594e-01
1.330528123347046e+00 7.819872631362310e+00
-1.002368632219471e+00 1.481348574158315e+01
6.584593874951290e-01 1.045617671216480e+01
-2.391635661144598e-01 1.250525594286394e+01

6.031383178181508e+00 2.125545638554387e+00
5.107770755145086e+00 -5.986098462129863e+00
6.139187905571650e-01 -1.096779156608065e+01
6.031383178181865e+00 2.125545638556037e+00
5.107770755148927e+00 -5.986098462131785e+00

-3.526547672130337e+00 3.604628470850508e+00
6.306921962068103e+00 8.535180693557679e+00
-6.139187905556023e-01 1.096779156608102e+01
-3.526547672131239e+00 3.604628470848308e+00
-3.533441081028372e+00 9.217501628757740e+00

-1.627675571815479e+00 -6.222800151764597e+00
-9.943763610987169e+00 3.300847101022712e+00
-9.961788320277948e+00 9.315254576874123e+00
-9.203898266000067e+00 -1.647785430265526e+01
-1.019223179587350e+01 -4.115462509629770e+00

1.132073105302946e+01 -4.055793894253143e+00
-1.967293029612125e+00 -1.476011747103811e+01
6.139187905427534e-01 -1.096779156610080e+01
1.253914450910452e+01 -1.434736928406756e+01
7.873070013458912e+00 -1.544243840621830e+01

-2.428945318299097e+00 -2.067079299961387e+00
-2.967643274752823e+00 5.958905687640928e+00
-6.139187905567638e-01 1.096779156607908e+01
-2.428945318299114e+00 -2.067079299960373e+00
-2.967643274751468e+00 5.958905687642742e+00

2.733159736800915e+00 6.642990486100261e+00
1.086774241954627e+01 -8.915683963432959e-01
8.725386571758023e+00 -7.234430405411707e+00
7.247097689356471e+00 1.722542107917274e+01
8.510447057284942e+00 5.585784434135936e+00

8.030037527197299e+00 -6.290216086980735e+00
-5.967441482411342e+00 -1.101470274643125e+01
6.139187905600123e-01 -1.096779156608196e+01
9.248450983307865e+00 -1.658179147677680e+01
3.872921560701089e+00 -1.169702368164265e+01

1.695175538695110e+00 1.096217716272975e-01
1.364156899040056e+00 -1.350814160191907e-01
7.868995107437990e-01 -1.850977791686011e-01
1.081357032621014e+00 -1.824427678317061e-01
9.405284684251395e-01 -1.907117212939991e-01

4.478278183870889e+00 -4.532218868697957e+00
-7.838985986665731e+00 -1.017629198578939e+01
6.139187905608665e-01 -1.096779156608249e+01
5.696691639970035e+00 -1.482379425849967e+01
2.001377056433472e+00 -1.085861292099269e+01

1.135076877751610e+00 -5.953735546978280e+00
-8.123320326193717e+00 -1.151030253614584e+00
-6.139187905575636e-01 1.096779156607920e+01
2.353490333853263e+00 -1.624531093677097e+01
1.717042716904591e+00 -1.833351188816570e+00

-4.242513914360912e+00 2.275295490961729e+00
4.007194903831894e+00 9.614969344718833e+00
-8.301884462700697e+00 9.768949862641380e+00
-6.204902672141188e+00 1.696432220471765e+01
-7.043389801231080e+00 1.346743664126941e+01

-6.578284138888288e+00 2.585120208175264e+00
4.360903820670352e+00 1.367836806811835e+01
-6.139187905616823e-01 1.096779156608350e+01
-7.796697594998292e+00 1.287669559796935e+01
-5.479459222431066e+00 1.436068900331789e+01

1.973192329144159e+00 -1.228855375227344e+00
-5.901370627539307e-01 -8.563211901069918e-01
8.445486122215824e-01 1.040801859500234e+01
2.047979814293909e+00 -1.185237904599692e+01
9.377724637954654e-01 -1.228846096561929e+00

4.082321396971100e+00 -2.608688558093177e-01
1.328643591125933e+00 -3.737077536130159e+00
6.139187905574230e-01 -1.096779156607940e+01
4.082321396970529e+00 -2.608688558086294e-01
1.328643591127070e+00 -3.737077536129523e+00

1.203371173308882e+00 -3.431376952695330e-01
5.770081813244663e-01 5.169335944309208e-01
5.032998429457818e-01 -1.149657972432417e+01
-2.069820566319600e-01 1.036656576777911e+01
6.533077333246566e-01 -8.007999830960755e-02

1.125767295501727e+00 7.339373839482557e+00
1.176997799163632e+01 1.080711009003822e+00
2.630188589976868e-12 -3.471648550921089e-12
1.125767295504591e+00 7.339373839478990e+00
1.929614948542564e+00 1.763031944207348e+00

1.238906573713464e+00 -5.194464636380808e-01
3.164548612835202e-01 4.281429517212434e-01
6.139187905577064e-01 -1.096779156607947e+01
2.049311761360650e-02 9.772128926155757e+00
3.164548612833640e-01 4.281429517217163e-01

5.778239291170400e+00 -1.144312892969595e+00
4.619190255297347e-01 -6.394398230362393e+00
-5.677337003050980e-01 -1.521051729338635e+01
4.343502075536581e-01 -9.729626172321268e+00
8.811552483403862e-02 -1.237364409883263e+01

2.876778782284911e+00 8.788337783394775e-01
2.735823402845214e+00 -1.746250833258843e+00
-4.799063247199377e-13 -9.719970827986935e-14
2.876778782284313e+00 8.788337783393783e-01
2.735823402845097e+00 -1.746250833258314e+00

7.342076997067029e+00 -5.740517109905001e+00
-5.445281581927174e+00 -9.903693799788144e+00
5.211276719824266e-12 -1.287643723176297e-12
8.560490453167109e+00 -1.603209249969794e+01
4.395081461172994e+00 -1.058601473498749e+01

4.479769656019494e+00 -6.584679499856804e+00
-7.609534759039525e+00 -6.266302186566163e+00
-7.254388878575842e-12 -1.808031003629730e-12
5.698183112117182e+00 -1.687625488965329e+01
2.230828284056506e+00 -6.948623121770468e+00

4.280981842481143e+00 -3.643699945060880e+00
-4.618727962616084e+00 -7.265055290809317e+00
1.151689027022248e+01 -4.003800559695233e+00
1.274651756323112e+01 -6.103516248289527e+00
1.230145017778407e+01 -5.063694230650064e+00

-2.243624183839639e-01 -1.902711861151365e-01
-3.345275967483347e-01 3.001244877079478e-01
-3.508876246025021e-01 -8.123086290553638e-01
-5.966313295416592e-01 -9.954901272543916e-01
-1.702655674688902e+00 1.229580024400648e+00

-5.384094964948061e-01 1.336437787402310e-01
8.927615622341917e-02 8.430970002205980e-01
2.704539412457541e-01 1.125484920177303e+01
-1.980502438426686e+00 -4.480669479847643e-02
9.395275239828926e-02 3.732075036888844e+00

-5.235770138505722e-01 1.773009123002393e-01
1.609885620332915e-01 8.291270880593856e-01
-1.399246289933775e+00 -1.589104896334924e-01
-9.060539577103467e-01 1.073867576640015e+01
1.932130783849351e-01 3.614006834120202e+00

-9.725071993416206e-01 -3.681062240657967e-01
-7.618859329602164e-01 1.394404151225130e+00
-2.741159555610779e+00 -2.397944795863058e+00
-1.366651173899303e+00 1.082530009117310e+01
-2.871133779577965e+00 6.042873222612513e+00

-2.219634558218397e+00 8.420222480415195e-01
7.874948104056916e-01 3.505588156054936e+00
2.002014198567798e+00 1.436817794828661e+01
1.432350649978106e+00 1.155681807011287e+01
1.592673590141677e+00 1.285196486147630e+01

9.737399903349596e-01 3.987585449324936e-01
8.020733094410678e-01 -1.392154655198018e+00
1.168736107832125e-02 -1.190670426594076e+01
3.487423015539175e+00 2.970240050119143e+00
3.378088016462521e+00 -5.829270238380594e+00

-1.566770557394118e-01 3.148017705066342e-02
1.633115263935690e-02 2.444846165530163e-01
-4.574184985091021e-01 1.092316812040217e+01
1.299902558276724e+00 -1.009508598798101e+01
-1.001346101586178e-01 9.909444390155521e-01

3.352105215075381e-02 -1.115401410975759e-01
-1.690611043714904e-01 -7.256381000149550e-02
-9.770850394857078e-02 1.124709561292614e+01
7.909352075342442e-01 -1.072422750392923e+01
-1.087963277580913e-01 -7.381075282397806e-02

5.268828690259429e+00 -1.711062541442308e+00
-1.494761550471803e+00 -8.324929651942917e+00
1.118353062817754e+01 5.750567576521233e-01
1.622214369317227e+01 -1.463602233928427e+00
1.486886862467706e+01 -2.867016208421163e+00

-9.737399903350603e-01 -3.987585449325922e-01
-8.020733094412573e-01 1.392154655198143e+00
-1.168736107830171e-02 1.190670426594087e+01
-3.487423015538222e+00 -2.970240050117024e+00
-3.378088016461890e+00 5.829270238381914e+00

-3.096948989645476e+00 -3.467256803479093e-01
-1.086770685400240e+00 4.678584850596289e+00
-7.088615331359319e+00 8.046879460947618e+00
-3.614461385496508e+00 1.596839268022101e+01
-5.113764935373789e+00 1.197635270755114e+01

3.307765098858330e+00 -5.146328753418654e+00
-7.109454769308739e+00 -6.074064517724526e+00
9.008483673023317e+00 -5.346926997274537e+00
1.259955626489154e+01 -9.632779884533957e+00
9.535682261800204e+00 -5.463730375198915e+00

-7.608102654990751e-19 -5.198147707874369e-18
-8.386645276398800e-18 3.439102695354025e-19
1.337388171103912e-17 1.059386940138691e-17
1.749078294881206e-17 1.278813788280629e-17
1.516131405474992e-17 1.185077494565825e-17

-3.307765098860809e+00 5.146328753423043e+00
7.109454769314855e+00 6.074064517729303e+00
-9.008483673018254e+00 5.346926997283013e+00
-1.259955626489300e+01 9.632779884544327e+00
-9.535682261798623e+00 5.463730375208237e+00

1.111051660942652e-01 -5.643088200933116e-02
-6.095457080476137e-02 -1.794388445223589e-01
-9.154680802318205e-01 1.089617422881658e+01
1.165830315918005e+00 -1.023057475952859e+01
-2.531587148912569e-01 -9.747104336758197e-01

5.235770138506430e-01 -1.773009123000880e-01
-1.609885620330478e-01 -8.291270880594660e-01
1.399246289934924e+00 1.589104896338939e-01
9.060539577108019e-01 -1.073867576640032e+01
-1.932130783841795e-01 -3.614006834120135e+00

-4.280981842478703e+00 3.643699945056755e+00
4.618727962610398e+00 7.265055290804657e+00
-1.151689027022232e+01 4.003800559688359e+00
-1.274651756323071e+01 6.103516248280290e+00
-1.230145017778374e+01 5.063694230641714e+00

9.725071993416834e-01 3.681062240658322e-01
7.618859329602896e-01 -1.394404151225223e+00
2.741159555609877e+00 2.397944795862656e+00
1.366651173899751e+00 -1.082530009117288e+01
2.871133779577689e+00 -6.042873222612683e+00

-1.111051660940880e-01 5.643088200950993e-02
6.095457080507216e-02 1.794388445221202e-01
9.154680802324826e-01 -1.089617422881732e+01
-1.165830315917274e+00 1.023057475952834e+01
2.531587148920782e-01 9.747104336752579e-01

-3.352105215047849e-02 1.115401410976660e-01
1.690611043716848e-01 7.256381000108592e-02
9.770850394917252e-02 -1.124709561292656e+01
-7.909352075334284e-01 1.072422750392874e+01
1.087963277584197e-01 7.381075282302427e-02

1.566770557397566e-01 -3.148017705044642e-02
-1.633115263895783e-02 -2.444846165535113e-01
4.574184985090390e-01 -1.092316812040229e+01
-1.299902558275601e+00 1.009508598797979e+01
1.001346101596434e-01 -9.909444390161750e-01

-5.268828690255582e+00 1.711062541439883e+00
1.494761550468948e+00 8.324929651936534e+00
-1.118353062817666e+01 -5.750567576599739e-01
-1.622214369316553e+01 1.463602233924347e+00
-1.486886862467306e+01 2.867016208415009e+00

2.219634558218762e+00 -8.420222480406588e-01
-7.874948104042871e-01 -3.505588156055335e+00
-2.002014198564786e+00 -1.436817794829024e+01
-1.432350649976724e+00 -1.155681807011083e+01
-1.592673590139503e+00 -1.285196486147696e+01

2.243624183839659e-01 1.902711861151385e-01
3.345275967483384e-01 -3.001244877079501e-01
3.508876246025130e-01 8.123086290553323e-01
5.966313295416845e-01 9.954901272543597e-01
1.702655674688921e+00 -1.229580024400680e+00

5.384094964948177e-01 -1.336437787402154e-01
-8.927615622339219e-02 -8.430970002206142e-01
-2.704539412455844e-01 -1.125484920177309e+01
1.980502438426390e+00 4.480669479860899e-02
-9.395275239832235e-02 -3.732075036888802e+00

3.096948989645476e+00 3.467256803481088e-01
1.086770685400510e+00 -4.678584850596308e+00
7.088615331362404e+00 -8.046879460941785e+00
3.614461385498277e+00 -1.596839268022216e+01
5.113764935376046e+00 -1.197635270754887e+01

-1.175836737054795e+00 9.004316289993760e+00
1.341709486734060e+01 3.644327873299058e+00
6.446983791040166e+00 1.324806141978176e+00
-6.407605422612810e+00 1.887638535625073e+01
3.532603827278677e-01 7.995821492028606e+00

-8.251852629437073e-02 7.850267706408420e+00
1.187437170008478e+01 1.739851961872194e+00
-1.000703079548637e+00 5.742248060725990e+00
1.532322841469319e+00 -4.335996466663227e+00
-8.609270873192129e-01 2.466224519900921e+00

-7.225491554224006e-01 9.319814647843812e+00
1.394171448769157e+01 3.024714815101315e+00
-3.804892753879883e+00 1.163526141418694e+01
5.257590344509506e+00 9.574920619154952e+00
2.020952218564295e+00 8.021513439223034e+00

-5.999515218156181e-01 7.511259965986561e+00
1.082127037793066e+01 1.183391157943254e+00
5.649783421976921e-13 2.797743984094474e-12
-5.999515218153892e-01 7.511259965990026e+00
9.809073348304482e-01 1.865712093145348e+00

-3.333798191649957e-01 9.137392213255541e+00
1.375532509793515e+01 2.415875095169687e+00
4.454305408096237e+00 5.632904434778530e-02
3.539608222316343e+00 8.835989162789142e+00
3.055931334947945e+00 6.533072767284198e+00

-5.928943535701747e+00 1.223567249251917e+01
1.738911676643777e+01 1.170681491461865e+01
-1.468518147748594e+01 2.239014202497363e+01
3.664013779643795e+00 2.181058059276768e+01
-5.180682617768667e+00 2.217165386678441e+01

1.548445235788998e+00 8.911517302467463e+00
1.379138134044178e+01 -4.970007642744947e-01
-5.897272678516737e+00 -2.213265238028621e+00
6.356297126946286e+00 -1.981809475029579e+00
1.803257702790031e+00 -4.752546698432410e+00

-1.493720080833399e-01 7.667223559248940e+00
1.158672578777194e+01 1.803589220563369e+00
-2.491623022121358e+00 6.251330664009852e+00
1.567477258245928e+00 -4.736556496951628e+00
-1.475100814114535e+00 2.511765452380895e+00

-9.324980826233116e-01 5.914981979049716e+00
1.004218953464227e+01 4.308294237754128e+00
2.401668508264621e-03 1.380246784538805e+01
9.041561923145887e-01 -6.637214930824558e+00
1.540454542606162e-02 3.128504990143387e+00

2.858975867574776e-01 8.428031777679349e+00
1.280756004506972e+01 1.339007347066663e+00
9.107003024491078e-02 9.995493861975811e+00
1.727518693926768e+00 -2.564435723037968e+00
1.605569924390258e+00 1.703095823601690e+00

-2.205758570668674e+00 1.244693076018272e+01
1.841621493479825e+01 5.928693324986434e+00
-6.897334507424331e+00 1.836525139284101e+01
1.242616325894003e+01 1.286518819390814e+01
1.628241670413034e+00 1.803161818387192e+01

-2.818460755394021e-01 9.550490879376593e+00
1.365461739061342e+01 2.319921300763666e+00
3.405194218222784e+00 4.019663709835044e+00
3.482682806241711e+00 5.936227056443366e+00
3.499835529629836e+00 5.023465076969550e+00

-1.691099361501136e+00 8.284418604304373e-01
9.033618117271411e-01 2.732325619251010e+00
1.910989384052445e+00 1.168231356289438e+01
-4.572948147107407e-01 1.192049549232058e+01
1.941069663820118e+00 9.735696632519382e+00

6.575706493717837e+00 1.781570493442035e+00
4.745000097793008e+00 -6.806557691724795e+00
-5.024284169262372e-12 -4.378788188734297e-12
7.794119949820933e+00 -8.510004896354673e+00
4.745000097792613e+00 -6.806557691718489e+00

-3.855451737943639e+00 -7.685210242437568e+00
-1.221888889345671e+01 2.266960872518876e+00
-5.205576917676307e+00 2.195516724573625e+00
-7.370579520058570e+00 2.881584529125893e+00
-6.322279340049179e+00 2.604821945603708e+00

1.049653644107474e+00 1.186710889043387e+01
1.811950737739021e+01 8.654841325166360e-01
1.234549812880268e+01 -6.331568042721442e+00
-2.588026534616894e-01 2.992269683302096e+01
8.780848409270996e+00 1.550364573391986e+01

1.104848060573290e+00 9.022047809939860e+00
1.388583167346815e+01 2.172625335896499e-01
3.740734430663934e+00 -1.027738838894241e+01
4.827569737052383e+00 -7.641483655143085e-01
3.333146903758631e+00 -3.484388283302474e+00

4.027549717281002e+00 6.138687440242230e+00
1.022141039923214e+01 -4.973621422189026e+00
-2.305462487594516e+00 -1.710575451269828e+01
-8.470241397921773e+00 5.036413662505763e+00
-5.037438449331805e+00 -5.846712450183462e+00

-8.143146071170388e-01 6.654247463186588e+00
1.118250705250719e+01 3.992063614415268e+00
6.139187905570773e-01 -1.096779156607645e+01
-2.032728063215183e+00 1.694582285298310e+01
1.342144009410639e+00 4.674384549617857e+00

1.104917814725324e+00 5.435262867787033e+00
9.180813905648238e+00 1.267805439520840e+00
6.139187905578316e-01 -1.096779156607944e+01
-1.134956413739090e-01 1.572683825758064e+01
-6.595491374493876e-01 1.950126374719762e+00

3.838519620791192e-01 8.499832303942989e+00
1.284439356524745e+01 1.219890022213079e+00
1.789162310909908e+00 -1.151181877494948e+01
-3.780673926347098e-01 1.107960044402592e+01
1.507909600313969e+00 1.067669263114239e+00

2.005312965014859e+00 8.141824996952511e+00
1.277378493840667e+01 -1.367243999811933e+00
3.147397082633247e+00 -1.329175454953774e+01
-4.873490399428690e+00 7.542781782181316e+00
-8.003680192176732e-01 -4.342050806309405e+00

1.049768576046927e+00 8.968137065133959e+00
1.347964124822653e+01 9.024410529627820e-01
2.437355481474768e+00 -1.101833704327729e+01
2.119771348040270e+00 1.130085381998805e+01
2.773045577557544e+00 7.500848688790580e-01

5.236872658551641e-01 8.739119535074739e+00
1.319047713008775e+01 7.737954637661892e-01
3.046222214521826e+00 -1.698195627690487e+00
5.086035017441102e+00 -1.572896887729986e+00
4.104953356069534e+00 -1.708470539277399e+00

8.297426813598849e-01 9.506926890177688e+00
1.456008476816651e+01 6.962826696331845e-01
3.478378586916033e+00 -7.975848776014399e+00
5.750926804582956e+00 2.063797190888167e+00
6.056419893290476e+00 -4.672889882668902e+00

3.015754049156874e-01 9.581999610817849e+00
1.494711998049527e+01 1.439978750981586e+00
6.692590076034852e+00 -1.221744195665326e+01
8.672990948190364e+00 1.129695768648179e+01
8.115795489859853e+00 -2.109163477274538e-01

-9.400711348846061e-01 1.565849168442565e+00
2.078660392075940e+00 1.975774244653380e+00
4.746487630380289e+00 -1.978035925682058e+01
1.216603618828409e+01 1.630371688931544e+00
9.078938305591979e+00 -8.731990202108365e+00

-6.575706493710664e+00 -1.781570493441856e+00
-4.745000097791241e+00 6.806557691714969e+00
9.629517406451651e-13 1.804876350453514e-12
-7.794119949812160e+00 8.510004896352964e+00
-4.745000097790173e+00 6.806557691715375e+00

-8.297426813599329e-01 -9.506926890179583e+00
-1.456008476816936e+01 -6.962826696333106e-01
-3.478378586914910e+00 7.975848776016147e+00
-5.750926804581458e+00 -2.063797190889668e+00
-6.056419893289180e+00 4.672889882668781e+00

-3.015754049148183e-01 -9.581999610818166e+00
-1.494711998049573e+01 -1.439978750982620e+00
-6.692590076041077e+00 1.221744195665349e+01
-8.672990948199837e+00 -1.129695768648461e+01
-8.115795489867754e+00 2.109163477262315e-01

-1.104848060575469e+00 -9.022047809940140e+00
-1.388583167347027e+01 -2.172625335868332e-01
-3.740734430663287e+00 1.027738838894493e+01
-4.827569737053973e+00 7.641483655160979e-01
-3.333146903759083e+00 3.484388283304746e+00

8.143146071154755e-01 -6.654247463186949e+00
-1.118250705250755e+01 -3.992063614412590e+00
-6.139187905561609e-01 1.096779156608062e+01
2.032728063218128e+00 -1.694582285298424e+01
-1.342144009409504e+00 -4.674384549617212e+00

-4.027549717280281e+00 -6.138687440242423e+00
-1.022141039923225e+01 4.973621422187832e+00
2.305462487595835e+00 1.710575451269730e+01
8.470241397922214e+00 -5.036413662507297e+00
5.037438449332586e+00 5.846712450182246e+00

2.205758570672868e+00 -1.244693076018135e+01
-1.841621493479578e+01 -5.928693324992473e+00
6.897334507428440e+00 -1.836525139283247e+01
-1.242616325892911e+01 -1.286518819391702e+01
-1.628241670404700e+00 -1.803161818387153e+01

-2.005312965014687e+00 -8.141824996952373e+00
-1.277378493840644e+01 1.367243999811501e+00
-3.147397082631700e+00 1.329175454953685e+01
4.873490399428919e+00 -7.542781782181164e+00
8.003680192183908e-01 4.342050806308874e+00

-3.838519620777617e-01 -8.499832303942004e+00
-1.284439356524589e+01 -1.219890022214093e+00
-1.789162310910478e+00 1.151181877495024e+01
3.780673926405272e-01 -1.107960044402342e+01
-1.507909600310991e+00 -1.067669263114558e+00

-1.049768576052917e+00 -8.968137065135251e+00
-1.347964124822857e+01 -9.024410529579965e-01
-2.437355481476295e+00 1.101833704328366e+01
-2.119771348041990e+00 -1.130085381997763e+01
-2.773045577557617e+00 -7.500848688717359e-01

-1.548445235789577e+00 -8.911517302467928e+00
-1.379138134044260e+01 4.970007642750716e-01
5.897272678517475e+00 2.213265238027544e+00
-6.356297126946290e+00 1.981809475030333e+00
-1.803257702789577e+00 4.752546698432369e+00

9.400711348836022e-01 -1.565849168441252e+00
-2.078660392074144e+00 -1.975774244651416e+00
-4.746487630379990e+00 1.978035925682030e+01
-1.216603618828187e+01 -1.630371688932744e+00
-9.078938305590588e+00 8.731990202107363e+00

3.855451737954832e+00 7.685210242428792e+00
1.221888889344687e+01 -2.266960872533844e+00
5.205576917683752e+00 -2.195516724580731e+00
7.370579520066478e+00 -2.881584529138552e+00
6.322279340056777e+00 -2.604821945613642e+00

-5.236872658567511e-01 -8.739119535075256e+00
-1.319047713009027e+01 -7.737954637648614e-01
-3.046222214522758e+00 1.698195627690729e+00
-5.086035017442724e+00 1.572896887730792e+00
-4.104953356070795e+00 1.708470539277946e+00

1.691099361503105e+00 -8.284418604295216e-01
-9.033618117253872e-01 -2.732325619253824e+00
-1.910989384044055e+00 -1.168231356290017e+01
4.572948147137392e-01 -1.192049549232492e+01
-1.941069663814379e+00 -9.735696632524419e+00

-1.104917814726411e+00 -5.435262867785831e+00
-9.180813905646495e+00 -1.267805439519289e+00
-6.139187905577403e-01 1.096779156607767e+01
1.134956413733370e-01 -1.572683825758061e+01
6.595491374489066e-01 -1.950126374720895e+00

5.999515218162825e-01 -7.511259965987085e+00
-1.082127037793105e+01 -1.183391157944500e+00
-4.813854289796437e-13 -3.687508324367143e-12
5.999515218162375e-01 -7.511259965991570e+00
-9.809073348299504e-01 -1.865712093146594e+00

2.818460755353103e-01 -9.550490879393905e+00
-1.365461739063170e+01 -2.319921300769985e+00
-3.405194218237395e+00 -4.019663709841969e+00
-3.482682806257561e+00 -5.936227056456707e+00
-3.499835529645254e+00 -5.023465076979825e+00

3.333798191630821e-01 -9.137392213256147e+00
-1.375532509793546e+01 -2.415875095166810e+00
-4.454305408097302e+00 -5.632904434550667e-02
-3.539608222318384e+00 -8.835989162787133e+00
-3.055931334949466e+00 -6.533072767282012e+00

-1.049653644111227e+00 -1.186710889043040e+01
-1.811950737738570e+01 -8.654841325100817e-01
-1.234549812879487e+01 6.331568042728451e+00
2.588026534468986e-01 -2.992269683301803e+01
-8.780848409276317e+00 -1.550364573391191e+01

9.324980826197877e-01 -5.914981979047289e+00
-1.004218953463811e+01 -4.308294237748745e+00
-2.401668508007049e-03 -1.380246784538706e+01
-9.041561923150905e-01 6.637214930826183e+00
-1.540454542651593e-02 -3.128504990142449e+00

1.493720080838656e-01 -7.667223559248281e+00
-1.158672578777008e+01 -1.803589220564046e+00
2.491623022137142e+00 -6.251330664023000e+00
-1.567477258244718e+00 4.736556496956524e+00
1.475100814121571e+00 -2.511765452384496e+00

-2.858975867520195e-01 -8.428031777681149e+00
-1.280756004506878e+01 -1.339007347072685e+00
-9.107003024763261e-02 -9.995493861978453e+00
-1.727518693923098e+00 2.564435723035581e+00
-1.605569924390077e+00 -1.703095823604672e+00

1.175836737053357e+00 -9.004316289992959e+00
-1.341709486733973e+01 -3.644327873296810e+00
-6.446983791037647e+00 -1.324806141975345e+00
6.407605422608967e+00 -1.887638535624878e+01
-3.532603827285326e-01 -7.995821492026728e+00

8.251852629329681e-02 -7.850267706408527e+00
-1.187437170008475e+01 -1.739851961870372e+00
1.000703079547885e+00 -5.742248060718557e+00
-1.532322841470654e+00 4.335996466662248e+00
8.609270873183250e-01 -2.466224519898197e+00

7.225491554205234e-01 -9.319814647844058e+00
-1.394171448769073e+01 -3.024714815099136e+00
3.804892753877282e+00 -1.163526141419478e+01
-5.257590344510573e+00 -9.574920619148820e+00
-2.020952218565171e+00 -8.021513439223648e+00

5.928943535701714e+00 -1.223567249254453e+01
-1.738911676647651e+01 -1.170681491462374e+01
1.468518147749749e+01 -2.239014202504339e+01
-3.664013779695967e+00 -2.181058059279414e+01
5.180682617747010e+00 -2.217165386683211e+01

-5.882524690628710e-02 -6.803371527565908e+00
-1.123922528394603e+01 -2.612402001395957e+00
-1.046117273667037e+00 -3.371092462629929e+00
-1.088198428023760e+00 -4.503235370421513e+00
-1.092681593663352e+00 -3.960707059200065e+00

3.534153479469727e+00 1.068618090636746e+00
1.510343318281040e+00 -8.014142263233687e+00
6.139187905566714e-01 -1.096779156608216e+01
4.752566935570207e+00 -9.222957299159626e+00
1.510343318281673e+00 -8.014142263230934e+00

6.696733399190088e-01 -4.889866958525906e+00
-8.420088123972011e+00 -3.925963758059446e+00
4.637089298992883e-13 2.335392644541594e-12
6.696733399205990e-01 -4.889866958523663e+00
1.420274919123574e+00 -4.608284693259560e+00

4.242513914361790e+00 -2.275295490958352e+00
-4.007194903826204e+00 -9.614969344720167e+00
8.301884462701357e+00 -9.768949862643836e+00
6.204902672139876e+00 -1.696432220470349e+01
7.043389801231343e+00 -1.346743664126326e+01

6.057354195534274e+00 -6.694036045012052e+00
-1.157928283549441e+01 -1.297599181620201e+01
-1.890017533288586e+00 -1.358061593692350e+01
9.795076348428178e-01 -1.129665028121425e+01
-3.443918821489240e-01 -1.245746613577546e+01

-7.256198990362486e-01 8.163907928900993e+00
1.228959097324642e+01 2.524343269413085e+00
-1.842674592878764e-01 1.326130176243768e+01
7.420121413151222e-01 -6.299533771498174e+00
-3.115604887598482e-01 3.257454515059955e+00

1.858143803791136e+00 7.572761117141598e+00
1.242425577335844e+01 -3.201226974634023e+00
6.139187905592443e-01 -1.096779156607969e+01
1.858143803786187e+00 7.572761117142211e+00
2.583892730259199e+00 -2.518906039436416e+00

-2.986204567445711e+00 5.930851498555979e+00
7.279475157774083e+00 3.895599504795489e+00
-6.139187905575909e-01 1.096779156607909e+01
-1.767791111345582e+00 -4.360723891238781e+00
-2.560887885324397e+00 4.577920439996218e+00

2.707398956616864e+00 1.959793554566837e+00
2.848557010581573e+00 -6.448589156582530e+00
-3.965890681090517e-12 -1.653457408585395e-12
3.925812412718134e+00 -8.331781835228183e+00
2.848557010582204e+00 -6.448589156579340e+00

8.880259465807121e-01 -5.695591494982003e+00
-9.684253391041164e+00 -4.240004886886314e+00
-2.043938922319101e-01 7.815893563749101e+00
6.816941884119525e-01 -1.487623225657402e+01
-2.511819765655994e-01 -4.032598201861665e+00

1.836207451264899e+00 -5.370674745029107e+00
-9.226662393765785e+00 -5.758295689156889e+00
1.443017860124026e-12 -2.332316107990785e-12
3.054620907362444e+00 -1.566225013482282e+01
6.137006493341129e-01 -6.440616624357508e+00

-9.899929045521727e-03 8.680543309866984e+00
1.314073423588659e+01 1.801059569136380e+00
1.124169410996144e+00 8.468377530564499e-01
1.269099759190734e+00 9.754920269397015e+00
2.517305172298815e+00 3.475964403565805e+00

1.719836336845837e+00 -5.706464995402213e+00
-9.765081339980389e+00 -5.550766918112036e+00
6.139187905570731e-01 -1.096779156607915e+01
1.719836336846369e+00 -5.706464995403168e+00
7.528170312025351e-02 -6.233087853314943e+00

7.341427006701977e+00 6.723039161715357e+00
1.222750035594312e+01 -1.364697416811853e+01
1.246902677122943e-01 -1.681136922891607e+01
3.684701064789839e-01 -3.301242287491894e+00
5.680288505723015e-01 -9.790126966753764e+00

-3.490002478522379e+00 3.321003854616221e-01
-2.207293668833632e-01 5.349009572536271e+00
2.439292641897849e+00 1.382240186156687e+01
-1.481499102147025e+00 1.349113452471467e+01
-8.076947999883375e-01 1.594943101072290e+01

-4.082321396970188e+00 2.608688558086169e-01
-1.328643591126736e+00 3.737077536128683e+00
-6.139187905573922e-01 1.096779156607893e+01
-4.082321396970285e+00 2.608688558082064e-01
-1.328643591126942e+00 3.737077536129068e+00

3.165539534951710e+00 6.695696105397406e+00
1.123931945602749e+01 -5.964974676998574e+00
6.139187905567329e-01 -1.096779156607493e+01
4.383952991051933e+00 -3.595879284393509e+00
1.398956412937489e+00 -5.282653741797462e+00

4.473007751129449e+00 5.228943604767660e+00
8.945190062597096e+00 -8.724026640238170e+00
5.688029173604193e+00 -4.522013567700507e+00
7.779876938006021e+00 -6.823480878604353e+00
6.721747626963015e+00 -5.768804774207971e+00

3.603540902386922e+00 -4.040988225515991e+00
-7.034210773092664e+00 -8.681237120364703e+00
2.705258540599145e-12 8.420647232554417e-12
4.821954358484713e+00 -1.433256361531325e+01
2.806152270002793e+00 -9.363558055564951e+00

2.918680677966645e-01 7.832007750846212e+00
1.195791822228248e+01 1.192551284200717e+00
8.818673286592436e-01 -1.288721500546368e+01
8.893175175814543e-01 1.687660353799500e+01
-5.186890521881459e-01 1.439759306554356e+00

-7.731305396760518e-02 8.453996891002795e+00
1.285919246376752e+01 1.391887582587921e+00
1.748662439170419e+00 -9.803520068176336e+00
1.368018011204503e+00 1.293632821631792e+01
2.194054661768027e+00 1.913302672082264e+00

-4.946206222284411e-01 8.499445421659459e+00
1.271234743774047e+01 2.498222383498244e+00
2.366968570001311e-01 -1.277919848302967e+01
-4.481551218900316e+00 1.791354724379294e+01
2.600841336007145e-01 4.841446641996606e+00

6.064038425540124e-01 6.582118329090842e+00
1.000830838120765e+01 -1.372458274606695e+00
6.139187905551045e-01 -1.096779156607866e+01
6.064038425572222e-01 6.582118329089481e+00
1.679453381116457e-01 -6.901373394019036e-01

1.710137023092151e+00 7.821424772820957e+00
1.286314902031533e+01 -2.792498134344990e+00
3.124388226278881e+00 -2.288169751590114e+00
4.444791164566285e+00 -3.086959924331342e+00
3.791032229282470e+00 -2.734794117702854e+00

5.668585307495964e+00 3.015608112247510e+00
5.265115554001594e+00 -1.133636513979065e+01
6.139187905592260e-01 -1.096779156608097e+01
6.886998763595905e+00 -7.275967277550299e+00
5.265115554008375e+00 -1.133636513979068e+01

9.973370917281166e-02 6.288416596937052e+00
9.255673357247323e+00 -6.606446550362706e-01
-8.763645950987790e-13 -1.756875512491291e-12
1.318147165273345e+00 -4.003158792856153e+00
-5.846896858483271e-01 2.167628016391787e-02

-5.427013355242017e-01 2.235633852454497e+00
4.433317368194019e+00 3.497198907866705e+00
6.795168915919726e+00 -2.025545526486319e+01
1.508361497672827e+01 4.014062698332485e+00
1.167961106439445e+01 -7.796895526925976e+00

-7.341427006705292e+00 -6.723039161719329e+00
-1.222750035595098e+01 1.364697416812386e+01
-1.246902677116761e-01 1.681136922891677e+01
-3.684701064842680e-01 3.301242287490370e+00
-5.680288505748541e-01 9.790126966753288e+00

-5.668585307499928e+00 -3.015608112251533e+00
-5.265115554009414e+00 1.133636513979685e+01
-6.139187905602395e-01 1.096779156608590e+01
-6.886998763605031e+00 7.275967277546644e+00
-5.265115554014170e+00 1.133636513979127e+01

-9.973370917431668e-02 -6.288416596935866e+00
-9.255673357246083e+00 6.606446550393592e-01
-1.614373498241939e-12 4.013006810543069e-12
-1.318147165273482e+00 4.003158792856192e+00
5.846896858470878e-01 -2.167628016284481e-02

-3.165539534953141e+00 -6.695696105401683e+00
-1.123931945603585e+01 5.964974676999910e+00
-6.139187905574275e-01 1.096779156607886e+01
-4.383952991053869e+00 3.595879284392867e+00
-1.398956412938886e+00 5.282653741799283e+00

-2.431684640227143e+00 -7.679664572793509e+00
-1.284628748716670e+01 4.263830345156278e+00
8.634914371411241e-12 -5.148290196152131e-13
-3.650098096331583e+00 2.611910817001430e+00
-3.005924444067408e+00 3.581509409962711e+00

5.427013355292435e-01 -2.235633852456600e+00
-4.433317368197086e+00 -3.497198907874621e+00
-6.795168915920119e+00 2.025545526486637e+01
-1.508361497673583e+01 -4.014062698333274e+00
-1.167961106439862e+01 7.796895526927408e+00

-1.836207451263249e+00 5.370674745029029e+00
9.226662393765553e+00 5.758295689154190e+00
4.116963694438424e-12 1.103030798393803e-12
-3.054620907363489e+00 1.566225013482330e+01
-6.137006493325643e-01 6.440616624356855e+00

4.946206222315794e-01 -8.499445421659605e+00
-1.271234743774033e+01 -2.498222383501563e+00
-2.366968570008292e-01 1.277919848303016e+01
4.481551218908365e+00 -1.791354724379507e+01
-2.600841335968561e-01 -4.841446641999036e+00

7.731305396963782e-02 -8.453996891001928e+00
-1.285919246375763e+01 -1.391887582590164e+00
-1.748662439161509e+00 9.803520068171945e+00
-1.368018011194012e+00 -1.293632821632217e+01
-2.194054661758574e+00 -1.913302672085736e+00

-6.064038425550845e-01 -6.582118329090081e+00
-1.000830838120681e+01 1.372458274608966e+00
-6.139187905539661e-01 1.096779156607923e+01
-6.064038425586884e-01 -6.582118329089354e+00
-1.679453381115222e-01 6.901373394025376e-01

-1.858143803794400e+00 -7.572761117146174e+00
-1.242425577336862e+01 3.201226974638550e+00
-6.139187905548650e-01 1.096779156608011e+01
-1.858143803803223e+00 -7.572761117152027e+00
-2.583892730269014e+00 2.518906039429877e+00

-4.473007751132227e+00 -5.228943604770802e+00
-8.945190062603448e+00 8.724026640242291e+00
-5.688029173606362e+00 4.522013567697777e+00
-7.779876938010367e+00 6.823480878600678e+00
-6.721747626966351e+00 5.768804774204800e+00

3.490002478523358e+00 -3.321003854678595e-01
2.207293668740018e-01 -5.349009572538831e+00
-2.439292641914165e+00 -1.382240186157184e+01
1.481499102133198e+00 -1.349113452472500e+01
8.076947999728450e-01 -1.594943101073095e+01

-1.710137023093021e+00 -7.821424772821288e+00
-1.286314902031637e+01 2.792498134346425e+00
-3.124388226279548e+00 2.288169751590229e+00
-4.444791164567171e+00 3.086959924331939e+00
-3.791032229283225e+00 2.734794117703212e+00

-1.719836336845431e+00 5.706464995400127e+00
9.765081339976962e+00 5.550766918111491e+00
-6.139187905566130e-01 1.096779156608080e+01
-1.719836336844419e+00 5.706464995396804e+00
-7.528170311929605e-02 6.233087853312667e+00

-2.918680677974134e-01 -7.832007750845752e+00
-1.195791822228242e+01 -1.192551284199793e+00
-8.818673286564691e-01 1.288721500546324e+01
-8.893175175804053e-01 -1.687660353799437e+01
5.186890521900434e-01 -1.439759306554554e+00

3.271385440374974e+00 -7.967124224555390e+00
-1.001011341193492e+01 -5.178678012866394e+00
-6.139187905629961e-01 1.096779156608365e+01
4.489798896470724e+00 -1.825869961433554e+01
-1.697503688248477e-01 -5.860998948062092e+00

5.882524690249191e-02 6.803371527570883e+00
1.123922528395411e+01 2.612402001400331e+00
1.046117273671777e+00 3.371092462637135e+00
1.088198428027541e+00 4.503235370429803e+00
1.092681593667615e+00 3.960707059207911e+00

-6.057354195529357e+00 6.694036045021694e+00
1.157928283551158e+01 1.297599181619346e+01
1.890017533296747e+00 1.358061593691432e+01
-9.795076348318394e-01 1.129665028121175e+01
3.443918821586189e-01 1.245746613576985e+01

-6.696733399192276e-01 4.889866958529022e+00
8.420088123976839e+00 3.925963758059656e+00
3.287524069475442e-12 -2.888445824024933e-13
-6.696733399168538e-01 4.889866958528299e+00
-1.420274919119736e+00 4.608284693262863e+00

-2.707398956615144e+00 -1.959793554567112e+00
-2.848557010581664e+00 6.448589156579590e+00
9.884012422705388e-13 1.526473260870967e-12
-3.925812412714905e+00 8.331781835228529e+00
-2.848557010582130e+00 6.448589156579070e+00

2.986204567444504e+00 -5.930851498553667e+00
-7.279475157771258e+00 -3.895599504792752e+00
6.139187905579242e-01 -1.096779156607957e+01
1.767791111346243e+00 4.360723891239766e+00
2.560887885324949e+00 -4.577920439995789e+00

-8.880259465798116e-01 5.695591494987886e+00
9.684253391050373e+00 4.240004886884526e+00
2.043938922351589e-01 -7.815893563750915e+00
-6.816941884081156e-01 1.487623225657334e+01
2.511819765695178e-01 4.032598201859682e+00

7.256198990373792e-01 -8.163907928900175e+00
-1.228959097324520e+01 -2.524343269415367e+00
1.842674592872280e-01 -1.326130176243833e+01
-7.420121413152558e-01 6.299533771498008e+00
3.115604887593864e-01 -3.257454515060136e+00

-3.534153479467509e+00 -1.068618090635916e+00
-1.510343318279242e+00 8.014142263230093e+00
-6.139187905546746e-01 1.096779156607961e+01
-4.752566935565955e+00 9.222957299159743e+00
-1.510343318278512e+00 8.014142263229695e+00

8.426766436178235e-01 -7.300018904915511e+00
-1.034449089522539e+01 -1.416380303312204e+00
6.139187905564141e-01 -1.096779156607822e+01
-3.757368124830212e-01 2.991556484879589e+00
-5.041278521263403e-01 -2.098701238511933e+00

9.899929046258471e-03 -8.680543309866479e+00
-1.314073423588498e+01 -1.801059569137688e+00
-1.124169410995181e+00 -8.468377530563354e-01
-1.269099759187866e+00 -9.754920269397942e+00
-2.517305172296799e+00 -3.475964403566280e+00

-7.029618394331105e-01 -6.449819561731867e+00
-9.925336614789122e+00 1.313836210532870e-01
-1.139127495353739e+01 4.682950486895387e+00
-7.602511507301065e+00 -2.105754761299430e+01
-1.015583096972847e+01 -8.687429710665342e+00

-8.645965616349143e+00 -1.093632252711705e+01
-1.713483736898407e+01 7.699804224308390e+00
-6.139187905343797e-01 1.096779156608156e+01
-9.864379072423899e+00 -6.447471373253677e-01
-7.294474325896806e+00 7.017483289062784e+00

-3.851864819950144e+00 9.379566216858404e-02
-1.518381861399948e+00 3.366178304626303e+00
1.064894059515853e-12 1.533963847306119e-13
-5.070278276050647e+00 1.038537105196363e+01
-1.518381861401148e+00 3.366178304624974e+00

5.021176696031665e+00 8.417508338757466e+00
1.494368033937544e+01 -8.996497788687591e+00
6.139187905566774e-01 -1.096779156608101e+01
6.239590152131229e+00 -1.874067051040653e+00
5.103317296273329e+00 -8.314176853484724e+00

-1.020443369944461e+01 -3.433926908079577e+00
-7.765846396122102e+00 1.133669877632710e+01
-6.139187905688983e-01 1.096779156608352e+01
-1.142284715555634e+01 6.857648481721421e+00
-7.765846396122090e+00 1.133669877628393e+01

-1.366341669756390e+01 -1.094715168141095e+01
-1.829639803206975e+01 1.408170755867477e+01
-1.061758204295609e+00 1.834138777403393e+01
-6.607077191718039e+00 1.658664185284433e+00
-4.366869395936877e+00 9.752834208841096e+00

4.105030343352707e-01 -5.195534907435399e+00
-8.882296105663567e+00 -3.516025776029960e+00
6.139187905579648e-01 -1.096779156607949e+01
-8.079104217635678e-01 5.096040482358306e+00
9.580669374329038e-01 -4.198346711231538e+00

-3.961426202996686e+00 -9.040764553952650e+00
-1.388342160461945e+01 2.253436967728991e+00
-6.139187905590813e-01 1.096779156608138e+01
-3.961426202996048e+00 -9.040764553957652e+00
-4.043058561520501e+00 1.571116032527934e+00

-1.847404211754903e-01 -8.936998838207765e+00
-1.463146806519762e+01 -1.127931828327082e+00
-3.591608135004166e+00 1.055444606079016e+01
-3.754489679970686e+00 -1.225034317070861e+01
-4.182227589150786e+00 -1.255880491280282e+00

-3.126886008866417e+00 -6.748053819836909e+00
-1.096767521346002e+01 1.442859227011113e+00
-6.139187905553602e-01 1.096779156607827e+01
-3.126886008868892e+00 -6.748053819835605e+00
-1.127312170365470e+00 7.605382918062474e-01

-5.077974708079475e+00 -9.227803227972133e+00
-1.428725902723963e+01 3.586557740599600e+00
-3.186770294129998e-12 1.025419686602750e-12
-6.296388164177755e+00 1.063772161821122e+00
-4.446895984143577e+00 2.904236805395165e+00

2.624535291741103e+00 -3.020727340095265e+00
-3.158796260409006e+00 -2.229991131950172e+00
-4.070848417467066e+00 1.829261324857397e+01
-1.026139294947371e+01 -2.878629493650620e+00
-7.814202807074319e+00 7.403974664420386e+00

-7.407282378582216e+00 -6.886851287657589e-01
-3.426666196444981e+00 8.192304060565087e+00
-6.139187905564318e-01 1.096779156608594e+01
-8.625695834682862e+00 9.602890261033545e+00
-3.426666196456166e+00 8.192304060561961e+00

-4.148007680602806e+00 -1.026077361237353e+01
-1.538701418048123e+01 2.255569769215255e+00
-5.903780533894472e+00 -3.621662206807084e-01
-8.344875812616923e+00 -1.236214507747913e+00
-7.202755609541406e+00 -7.614731394367180e-01

-4.351962670764802e+00 7.200782720250087e+00
8.509699434336563e+00 6.330935122985899e+00
-6.139187905557475e-01 1.096779156608120e+01
-4.351962670766437e+00 7.200782720245492e+00
-1.330663608759562e+00 7.013256058187920e+00

-6.388896979640423e+00 -7.827498566269455e+00
-1.275273008463783e+01 5.468263518427904e+00
-6.139187905592562e-01 1.096779156608024e+01
-7.607310435742757e+00 2.464076823524702e+00
-2.912367041539110e+00 4.785942583229594e+00

-1.833278965560815e+00 -2.522282737266056e-01
-1.607743820823797e+00 3.164559395187734e-01
-6.139187905582590e-01 1.096779156607961e+01
-6.148655094617488e-01 -1.054380366352039e+01
-1.607743820822661e+00 3.164559395178435e-01

4.969872572682198e+00 -1.269257517158539e+01
-1.545028033481556e+01 -9.250317608922710e+00
-4.978442851564151e+00 -9.823353170280301e+00
-1.835552695797985e+00 -1.221699703243528e+01
-3.395400531769265e+00 -1.115372663477097e+01

3.449018471774028e+00 -5.929686533847772e+00
-7.091259290677301e+00 -4.559904106475670e+00
-4.042481573879037e-12 -4.070996198487573e-12
3.449018471769740e+00 -5.929686533850608e+00
2.749103752422990e+00 -5.242225041681472e+00

-2.629195282421263e+00 2.679587859384815e-01
-9.945161909459803e-01 1.612279408964628e+00
6.139187905583459e-01 -1.096779156607889e+01
-3.847608738521463e+00 1.055953417573289e+01
-9.945161909460881e-01 1.612279408964209e+00

-4.220005688509177e+00 6.589035959491182e+00
7.708693233442196e+00 5.920265417488631e+00
-1.915628323744849e+00 -6.932663985917491e+00
-2.964100237627533e+00 1.598978315916166e+01
-1.888299293575412e+00 5.056061446958680e+00

-9.659733293614058e-01 3.394422086328023e-01
-5.355235791018835e-01 -8.843591322385591e-01
6.139187905575945e-01 -1.096779156607923e+01
-2.184386785461689e+00 1.063101759842687e+01
-5.355235791016801e-01 -8.843591322385331e-01

-7.140265254484248e+00 4.884800589141075e+00
4.339827859378056e+00 9.353038772283826e+00
-6.139187905566921e-01 1.096779156607881e+01
-7.140265254480940e+00 4.884800589136087e+00
-5.500535183712941e+00 1.003535970748575e+01

-1.547577084567844e+00 8.027303193432783e+00
1.096966965207802e+01 2.842383095499903e+00
1.028171724259494e+00 3.868683215157737e+00
8.369512648242425e-01 5.239856652621615e+00
9.644287704949988e-01 4.588493088788187e+00

-2.466449873235537e+00 -6.407630617665227e+00
-1.050028218893928e+01 5.985559921117980e-01
-2.773136987149185e-12 -1.685288808933456e-12
-3.684863329334347e+00 3.883944772129932e+00
-6.599191458407612e-01 -8.376494309214678e-02

-1.169491279900769e+00 -6.903599182270432e+00
-1.120217471348667e+01 -1.082357158413792e+00
6.139187905610135e-01 -1.096779156607947e+01
-2.387904735998801e+00 3.387976207522615e+00
-1.361811670391529e+00 -1.764678093620083e+00

4.256077142151870e+00 -7.238602044538254e+00
-8.580528829668481e+00 -6.239995506531090e+00
8.647025717417884e-01 -1.441633996081750e+01
1.084900128166624e+00 5.648003023419020e+00
1.484578984446375e+00 -3.948837026961318e+00

6.578284138878884e+00 -2.585120208177167e+00
-4.360903820674407e+00 -1.367836806810211e+01
6.139187905663301e-01 -1.096779156606785e+01
7.796697594980753e+00 -1.287669559797802e+01
5.479459222422758e+00 -1.436068900331365e+01

-2.876778782284536e+00 -8.788337783396988e-01
-2.735823402845467e+00 1.746250833258253e+00
-3.450260522206784e-15 -1.072267463834022e-14
-2.876778782284528e+00 -8.788337783396576e-01
-2.735823402845444e+00 1.746250833258109e+00

-7.342076997083135e+00 5.740517109910060e+00
5.445281581928842e+00 9.903693799811769e+00
-2.634056696454250e-12 1.597141235833287e-11
-8.560490453180138e+00 1.603209249969881e+01
-4.395081461179677e+00 1.058601473499734e+01

-3.271385440375991e+00 7.967124224542268e+00
1.001011341191674e+01 5.178678012861755e+00
6.139187905591168e-01 -1.096779156607812e+01
-4.489798896480682e+00 1.825869961433596e+01
1.697503688167290e-01 5.860998948065716e+00

-1.973192329143690e+00 1.228855375228354e+00
5.901370627555704e-01 8.563211901065315e-01
-8.445486122207635e-01 -1.040801859500195e+01
-2.047979814292830e+00 1.185237904599765e+01
-9.377724637942669e-01 1.228846096562264e+00

-5.778239291171644e+00 1.144312892969527e+00
-4.619190255301477e-01 6.394398230364112e+00
5.677337003057739e-01 1.521051729338684e+01
-4.343502075545285e-01 9.729626172320312e+00
-8.811552483422069e-02 1.237364409883242e+01

2.428945318300427e+00 2.067079299960430e+00
2.967643274751528e+00 -5.958905687643357e+00
6.139187905574213e-01 -1.096779156608060e+01
2.428945318299526e+00 2.067079299962337e+00
2.967643274752010e+00 -5.958905687642203e+00

-1.125767295500034e+00 -7.339373839488671e+00
-1.176997799164397e+01 -1.080711009004794e+00
-8.124793243703565e-12 2.012402578714545e-13
-1.125767295509554e+00 -7.339373839489054e+00
-1.929614948547824e+00 -1.763031944214332e+00

-1.203371173310162e+00 3.431376952679214e-01
-5.770081813271990e-01 -5.169335944293054e-01
-5.032998429473969e-01 1.149657972432377e+01
2.069820566298013e-01 -1.036656576777973e+01
-6.533077333266391e-01 8.007999830958457e-02

-1.238906573713749e+00 5.194464636376271e-01
-3.164548612842763e-01 -4.281429517209070e-01
-6.139187905582202e-01 1.096779156607888e+01
-2.049311761431660e-02 -9.772128926155720e+00
-3.164548612838048e-01 -4.281429517221715e-01

-6.031383178185600e+00 -2.125545638554974e+00
-5.107770755146717e+00 5.986098462135376e+00
-6.139187905571779e-01 1.096779156608131e+01
-6.031383178181948e+00 -2.125545638555980e+00
-5.107770755149000e+00 5.986098462132086e+00

-4.479769656024840e+00 6.584679499852649e+00
7.609534759031681e+00 6.266302186571977e+00
6.545141853799415e-13 -3.945565963118280e-12
-5.698183112122752e+00 1.687625488965396e+01
-2.230828284063151e+00 6.948623121768498e+00

-4.478278183868523e+00 4.532218868698789e+00
7.838985986667261e+00 1.017629198578538e+01
-6.139187905639962e-01 1.096779156607785e+01
-5.696691639969907e+00 1.482379425849458e+01
-2.001377056434853e+00 1.085861292098783e+01

-1.695175538695168e+00 -1.096217716272861e-01
-1.364156899040051e+00 1.350814160192808e-01
-7.868995107437750e-01 1.850977791686268e-01
-1.081357032621003e+00 1.824427678317359e-01
-9.405284684251221e-01 1.907117212940276e-01

-8.030037527206318e+00 6.290216086977276e+00
5.967441482403656e+00 1.101470274644230e+01
-6.139187905530923e-01 1.096779156608379e+01
-9.248450983306412e+00 1.658179147678439e+01
-3.872921560697176e+00 1.169702368164739e+01

-8.426766436165858e-01 7.300018904912636e+00
1.034449089522184e+01 1.416380303308602e+00
-6.139187905581709e-01 1.096779156607912e+01
3.757368124825964e-01 -2.991556484881352e+00
5.041278521249458e-01 2.098701238511558e+00

5.337486984543487e-01 2.857593316913941e-01
-3.250326933856679e-01 -3.238233611475274e+00
-2.122913226299936e-13 -6.268811285827016e-14
1.752162154554319e+00 -1.000581605810293e+01
-3.250326933854348e-01 -3.238233611475131e+00

-2.733159736796735e+00 -6.642990486101178e+00
-1.086774241954741e+01 8.915683963376915e-01
-8.725386571758966e+00 7.234430405403948e+00
-7.247097689353481e+00 -1.722542107918021e+01
-8.510447057284189e+00 -5.585784434143219e+00

2.431684640231120e+00 7.679664572794897e+00
1.284628748717073e+01 -4.263830345163440e+00
1.046364758273503e-12 2.486089894898113e-12
3.650098096330646e+00 -2.611910817000580e+00
3.005924444071595e+00 -3.581509409960903e+00

-1.135076877750752e+00 5.953735546978161e+00
8.123320326193939e+00 1.151030253613230e+00
6.139187905571237e-01 -1.096779156608202e+01
-2.353490333852131e+00 1.624531093676964e+01
-1.717042716904556e+00 1.833351188814680e+00

1.627675571811616e+00 6.222800151764301e+00
9.943763610985059e+00 -3.300847101015766e+00
9.961788320270596e+00 -9.315254576869933e+00
9.203898265992233e+00 1.647785430265607e+01
1.019223179586618e+01 4.115462509632217e+00

3.526547672129364e+00 -3.604628470849857e+00
-6.306921962067078e+00 -8.535180693556047e+00
6.139187905547030e-01 -1.096779156608010e+01
3.526547672133868e+00 -3.604628470847390e+00
3.533441081029426e+00 -9.217501628756922e+00

-1.132073105297506e+01 4.055793894279537e+00
1.967293029663160e+00 1.476011747097284e+01
-6.139187905744508e-01 1.096779156605615e+01
-1.253914450910247e+01 1.434736928407773e+01
-7.873070013468666e+00 1.544243840619964e+01

-7.743752385633882e+00 3.425218512843580e+00
2.145141752903140e+00 9.702579275408818e+00
-9.446948019829199e+00 8.914608566539481e+00
-1.103129035632860e+01 1.838073894223497e+01
-1.004244744362886e+01 1.389631133479619e+01

-4.605198193859140e-01 1.261782762636742e+00
1.004576507999730e+00 -1.467061754842740e+00
-4.166902590749248e-14 4.772167397891541e-16
-4.605198193859132e-01 1.261782762636741e+00
1.004576507999689e+00 -1.467061754842741e+00

6.030860027653548e-01 3.417544394799690e-01
-2.229924325852941e-01 -3.337869789560199e+00
6.139187905575429e-01 -1.096779156607878e+01
6.030860027643951e-01 3.417544394803119e-01
-2.229924325858592e-01 -3.337869789559823e+00

3.246331994538656e+00 -5.963336261500896e-01
-1.330528123349305e+00 -7.819872631364126e+00
1.002368632206427e+00 -1.481348574158532e+01
-6.584593874942097e-01 -1.045617671216407e+01
2.391635661087710e-01 -1.250525594286475e+01

