243                                              

3.056603338065612e-02 -1.040389452954969e+00
1.379999038060759e-01 -4.993186574286387e-01
1.848998339486394e-01 -1.016367325104843e+01
-7.711038307853191e-01 8.553086887175320e+00
7.364392518484392e-02 -5.330558949282382e-01

-1.556575224375683e+01 2.152826921790921e+00
-9.182915734018007e-01 -2.389500347993247e+01
-8.722630651338671e+00 -3.307918551778597e+00
-9.542862064825336e+00 -6.168533895282962e+00
-4.017711864250123e+00 -1.346931801246653e+01

4.745212029660554e+00 1.381741081144974e+00
-8.294907498380518e+00 1.087319598549309e+01
-8.532977346872315e-01 1.690543901547991e+01
5.940479743398463e+00 1.034818692212928e+01
6.247610028219921e+00 9.352293049788376e+00

-8.404396617549164e+00 1.285889539812882e+00
5.466675922669630e+00 -1.202102299877657e+01
2.123105274016623e+00 -1.781683279039810e+01
2.101343787375649e+00 -4.310576147431511e+00
1.036960622752962e+01 -9.049543180821402e+00

-1.108607379643543e-01 7.570483079776328e+00
1.306072847286972e+01 1.778178369180416e+00
5.581964242580135e+00 -5.179856464079932e+00
2.783976515112414e+00 5.900639752657703e+00
5.019160866904192e+00 7.556966562974595e+00

4.863829510368519e+00 2.496029656780434e+00
3.680729932394132e+00 -5.259971115556762e+00
-1.723285913074700e+00 -1.601757279445332e+01
5.020510999892112e+00 -3.966162741756721e+00
6.089217934329274e+00 -1.391726719432608e+01

-3.489661131286392e+00 3.545529130063755e+00
-1.361370050814116e+00 -2.635754436541510e+00
9.014437757354568e-01 -1.335893468686353e+01
1.359086690689515e+00 2.327258457723879e+00
4.210924307718575e-01 -7.026395586659866e+00

4.015120349202816e-01 7.280985234532666e+00
1.115264833550393e+01 8.813339144244150e-01
1.426507844671606e+00 -1.021796699925228e+01
1.583426930360075e+00 -3.185153134056892e+00
1.726469373807124e+00 8.774474873498987e-01

2.386375989089073e+00 -6.299020657260584e-01
-7.306600844263983e+00 1.203084753319128e+01
9.838414672412625e-01 1.830271613006677e+01
1.048173753826103e+01 -8.758350183374350e-01
9.212473895737457e+00 1.073451761775735e+01

-6.398008326482017e+00 1.005880553735605e+01
-1.509404163780655e+01 -1.099634949891266e+01
1.525860576304696e+00 -1.435084781681508e+01
-1.155075936356716e+01 -6.949212099190473e+00
-1.155052852266172e-01 -4.278531499251283e+00

6.663742763844867e+00 -9.509498294715652e+00
1.331289236336871e+01 1.278729898516196e+01
1.869320990066824e+00 4.959665319638589e+00
1.007826853215739e+01 8.765651332094881e+00
-1.614100488822241e+00 5.525737847003148e+00

-1.415460419586134e+01 1.175989231951524e+00
7.362942737194977e-01 -2.219086895487448e+01
-1.076565899860420e+00 -6.526390490566847e+00
-9.154170481534354e+00 -6.859389176522484e+00
-4.133446372471250e+00 -1.550233161934701e+01

-4.322065583798451e-01 -7.469318393891625e+00
6.451638608962222e+00 -5.929749970546395e+00
-6.899310608204072e+00 8.631911234586731e+00
-4.550876503482858e+00 -4.783032807497215e+00
-7.626688543796978e+00 -4.795210320746337e+00

6.580591474957552e+00 -5.406515786770083e+00
-1.822708919325619e+00 6.284753466510002e+00
-1.322723969196935e-01 1.782840549734783e+01
-2.424437487097344e+00 3.433202911423856e+00
-9.284338631778759e+00 1.161876922345819e+01

6.452560968200971e-01 -6.064091636696242e+00
-1.137947086080554e+01 5.979444270512371e-01
-1.535923579949906e+00 1.226421090857548e+01
-3.409530687850943e+00 8.191282469654588e-01
-2.183089696124707e+00 2.214427653296042e+00

-4.166776006579987e-01 4.795071108056471e+00
4.656446372111959e-01 -2.424752583538207e+00
3.472778843383249e+00 3.756252786682569e+00
-5.555962254275142e-01 -6.759961380878302e+00
2.937572098909108e+00 -8.457695898071989e+00

-2.197655288487705e+00 7.450418078769901e+00
9.325455199972263e+00 -2.338271847036225e+00
-5.519565717997823e-01 -1.404735750781580e+01
4.911511401448795e+00 -3.966222285451376e+00
-2.722825539584486e+00 -4.878032239043170e+00

8.879882488075954e-01 7.938780834657741e+00
1.058109406052758e+01 2.046723271626663e+00
-1.971241659634888e-01 1.218269811538230e+01
1.573984220994334e+00 -4.243044334305255e+00
-5.136641142930021e-02 3.212062634341845e+00

2.495752593900126e+00 4.839705769912742e+00
-5.349373585604722e-01 6.614970471916537e+00
4.590965867642551e+00 1.166560456855269e+01
6.223148411514661e-01 1.810112209476218e+01
-1.181970353366018e+00 1.278898422942031e+01

8.226604468574376e+00 -9.135889761200419e+00
1.248123151333859e+01 1.413389365593564e+01
1.604643140873868e-01 -7.440854995214792e+00
1.054151977114835e+01 8.321434066003448e+00
-8.850576988717697e-01 6.098205643475951e+00

6.690124877046898e+00 1.061661092166285e+00
1.243244224836317e+01 -1.626600418844892e+00
7.920103212126814e+00 3.070617241447544e+00
9.464485513355303e+00 1.518565082394935e+01
1.454077295180803e+01 3.964009447534577e+00

-1.313633212445699e+01 1.410350481665027e+00
1.816183148693931e-01 -2.105776261886292e+01
-2.994216763187658e+00 -9.915916783707331e+00
-1.037496167771514e+01 -9.513394782463044e+00
-6.995119562234907e+00 -1.965135738095463e+01

4.846482335946758e+00 -8.041669396002041e+00
9.197544714815873e+00 9.627132068114944e+00
3.851680552306913e+00 1.185250734387032e+01
6.716335716124114e+00 7.946351218799326e+00
8.345957523665643e+00 2.180629537370725e+01

-5.275934758064262e-01 8.341023342799474e+00
1.040126849675750e+01 -1.123556004564183e+00
4.165837577292078e-01 -2.549154934878348e+00
4.173473568034055e+00 -3.852030925571079e+00
-1.371961986986845e+00 -3.709076192650027e+00

-1.842933961298827e+00 -6.027262821392700e-01
3.644655078682083e-01 -4.973106856538260e+00
-1.130203882149183e+00 -1.070026792900063e+01
-1.739056727661521e+00 -1.308701604931150e+01
1.598898875125564e+00 -1.071327941824625e+01

9.926526835517233e-01 7.305889973781551e+00
1.029870319446735e+01 2.677543392757683e+00
-9.176403636770802e-02 7.694947493676636e-01
1.270724655117642e+00 -4.543866522316556e+00
-1.055466473432064e+00 4.462048048336410e+00

1.452706440349707e+01 1.054304758601486e+01
3.007958435428897e+01 4.820879736172733e+00
8.451772319666098e+00 -1.044495019640851e+01
-4.733952430102610e+00 -8.596982290820929e+00
1.629562720838634e+01 -1.728614227144496e+01

1.802082618159961e+00 -6.487019583125625e+00
2.486217636191847e+00 -1.663034150607251e+00
2.186182110183844e+00 -1.041727326444155e+01
1.705970062384695e+00 -4.796473212380434e+00
2.804485211403645e+00 5.991517588136448e-01

-2.267107692950697e+00 -1.900839530736808e+00
-1.240313742368812e+01 6.019204955503610e-01
-7.894199953532715e-01 -1.042739646199797e+01
-1.705881786654475e+00 -2.349491562281118e+00
-1.522213399600583e+00 8.127502652443054e-01

4.535368392816768e+00 3.924723737602302e+00
1.859535877608704e+01 5.175516996606285e+00
-5.161854539604430e+00 1.770419036761020e+01
2.416325329030755e-01 1.405563884229224e+01
5.851423261360942e+00 1.446123791774626e+01

3.743060567644604e+00 8.944260951553245e-01
-6.594167287907223e+00 7.524569965081176e+00
6.763248051775120e+00 -6.445605474630439e+00
4.195086974163452e+00 1.294854919718148e+01
7.038665514884533e+00 5.712070021028722e+00

1.212456589832957e+01 -1.725121277779949e+00
8.629375133684807e-01 1.676348911114015e+01
1.101580159788815e+01 2.592192970611444e-01
1.683641417974338e+01 1.196357214746731e+01
6.995428617851195e+00 1.359461300008783e+01

1.682383250737169e+00 -9.930753758957449e+00
-1.046482558199121e+01 7.284594618375060e+00
-7.095536392803225e+00 -3.682212058248813e+00
-7.581889234586821e+00 7.691458851248643e+00
-1.408969102241462e+01 -7.655850833972707e+00

4.350326574344628e+00 -4.775818660791874e-01
2.522159999467639e+01 1.732683663516041e+00
-1.123548597470649e+00 2.545314701358063e+01
1.783127436147982e+01 5.902805608151607e+00
1.361882069959023e+01 1.685014696738194e+01

-4.910748013863462e-01 -7.891022390932987e+00
-9.581200172524325e+00 -2.219969518014149e+00
8.232718073095335e-01 -1.143020776785663e+01
3.012091954355456e+00 -1.435599095943032e+01
1.877938132904931e+00 -3.333326283284155e+00

6.454513015553926e+00 2.998444462980583e+00
2.260514727233461e+01 4.406444109434346e+00
-4.590379776866726e+00 2.179946702971504e+01
1.032007217798008e+01 4.443248250211872e+00
1.002479918316023e+01 1.776458791656529e+01

4.902329021618021e-01 7.939203359837677e+00
1.100949873020559e+01 1.523310491015494e+00
1.317940916578973e+00 -7.947421233045390e+00
7.129736697870416e-01 1.154995980840048e+01
1.413906670363893e+00 2.155619761724455e+00

-7.204705805576150e-02 -7.649021475771335e+00
-9.396099408564604e+00 9.259746365815786e-01
1.714937723571663e+00 -1.015986332073282e+00
5.166737134418296e+00 -9.311261576427526e+00
2.779768337643620e+00 2.016857630961131e+00

-4.520600499511637e+00 -3.859894362659572e+00
-1.620880534358507e+01 -3.183219839498507e+00
-8.667440484774509e+00 2.645732037005744e+00
-7.593598396977888e+00 -4.539130805945053e-01
-6.275785668655235e+00 -1.014992666929368e+01

-3.517481395701338e-01 -9.849470733711476e+00
3.623444442830762e+00 -1.427086855691057e+00
-8.911408072216583e+00 8.105511809382078e+00
-9.585825622235703e+00 -1.547950044018026e+01
-8.493174997605388e+00 -3.841101914620712e+00

-4.431155569117164e+00 -3.923581390339295e+00
-1.535133679510719e+01 -2.547266001193465e+00
-6.261185258269656e+00 1.870931205865345e+00
-8.052530085410613e+00 8.949224313231225e-01
-1.116789487589838e+01 4.160411585708560e+00

-3.847616435223400e+00 -2.481310661416865e+00
-1.642956322066263e+01 -2.035587398395809e+00
-8.907555718107732e+00 5.169796868938396e+00
-5.157055755728174e+00 -3.828822655917012e+00
-7.629549986775524e+00 -8.811785134661115e+00

-5.665259306329085e+00 -3.061314986790399e+00
-1.676839043403098e+01 -2.734052225349628e+00
-9.843923792492308e+00 2.589325571567390e+00
-5.601395996776263e+00 -1.577683137017612e+01
-7.826411760628584e+00 -1.018477342303913e+01

1.260460159279782e+01 1.136519815953739e+00
-3.813348143447967e+00 1.918129775708850e+01
2.537569236215743e+00 6.438711960693812e+00
3.711591113816852e+00 1.565533080854223e+00
6.650320222783071e+00 1.252397503524958e+01

4.228246313023736e+00 3.117792231272340e+00
-7.399815829057220e+00 1.161313792514080e+01
1.158215940143895e+00 1.652023393015549e+01
7.331634799806102e+00 -2.511086128044559e+00
7.934029719809321e+00 8.904147922107168e+00

-2.744503007885872e+00 -2.822153479732973e+00
-1.262854297019738e+01 -9.812114701985579e-01
-1.545568735728963e+00 -1.397765045590028e+00
-2.385913516103349e+00 -2.221862084222211e+00
-2.454558178870832e+00 -2.147223756094419e+00

8.141022591128477e-01 -7.368691168985047e+00
-9.201458286372267e+00 2.111581469917267e+00
2.308945790637762e+00 -7.428962395600170e+00
7.988508669409394e+00 -6.815984629420959e+00
3.390258403415570e+00 3.796814050855151e+00

6.009321987142645e+00 -4.069252423919454e-01
2.806805998505303e+00 6.504543988744439e+00
7.358404644298926e+00 2.637261889309402e+00
8.336178309753539e+00 1.383346713657411e+01
1.347217580894671e+01 3.043849521904444e+00

1.227918325311151e+01 -1.522516164209344e-01
-1.156011257241953e+00 1.889860063269366e+01
6.265367477704409e+00 6.620500147442577e+00
1.406140397925970e+01 1.319477538861389e+01
8.640906306039257e+00 1.343123577502403e+01

6.108912826140082e+00 -2.063312974992401e+00
-2.559704999712542e-02 -3.854413596255126e+00
-6.180060119458455e+00 -1.334638859861426e+01
-1.697398643570634e+00 -1.346211278606782e+00
-9.301895244352936e+00 7.570118058610591e-01

-5.041529946502521e+00 7.685980183178815e+00
-1.055010306356141e+01 -9.124363037074293e+00
1.626541378493896e+00 7.504440612728702e-01
6.434543213762120e+00 9.757535742570024e+00
3.406827539925229e+00 -3.905619097489966e+00

1.124631622168112e+00 -9.679760903289630e+00
-1.259420899774030e+01 -7.909506159898347e-01
-9.503782182124302e+00 5.098993223501298e+00
-4.345118374475512e+00 2.417614671046713e+00
-7.614840362386900e+00 -8.838289837170427e+00

1.176161173245712e+01 -1.188673061514482e+00
-9.248460797547651e-01 1.596989326510743e+01
1.076459589481125e+01 -1.373090537789318e+00
5.636067467831486e-01 4.111564792471111e-01
6.343704300798002e+00 1.260868093337718e+01

1.620145628739790e+00 -7.055601332578838e+00
-1.196062382342706e+00 -8.390250130890632e+00
6.863972068180156e+00 -3.525479769217970e+00
7.192592458586232e+00 -6.214812452445347e+00
1.215068871834513e+01 -6.288184282707101e+00

3.747122748603658e+00 -2.421721142184942e+00
-5.064619001017939e+00 7.178784405468278e+00
8.338365398959208e+00 -8.038768952648121e+00
5.152328868436193e+00 6.774942798364596e-01
8.448601348131062e+00 6.103020210106360e+00

-1.545810783082183e+00 -4.488043386950560e+00
-1.415280511388518e+00 6.390291496443974e-01
-3.290835347434704e+00 -6.642400496468674e+00
-5.676046549234290e+00 -3.613093409971929e+00
-3.629073802268382e+00 5.217762272565769e+00

4.272594269975029e+00 -3.996052041756252e+00
5.622160840960394e+00 -3.434229181829864e+00
5.383090915187505e+00 -2.963216588877387e+00
9.292941705730554e+00 5.122248714699202e+00
1.094743333790258e+01 -7.617808749511573e+00

2.265907517007725e+00 1.114695408341428e+00
1.304600618819772e+01 -3.690991743091812e-01
1.861355169616527e+00 -1.004983721978319e+01
1.462242012931058e+00 9.119302085136123e+00
2.466802868436771e+00 -4.226946763993984e-01

4.153813955918349e+00 -4.163956529404784e+00
-1.515310983812916e+00 1.753991354883713e+00
-6.352127509729080e+00 -8.037578127515754e+00
-3.755554944724166e-01 2.418260682933634e-01
-6.259553664922864e+00 5.709014945293205e+00

-1.387761743417299e+00 -9.090753059797354e+00
-6.313036569704752e+00 -1.149191887935129e+01
-7.323247377568489e+00 -1.179519195544163e+01
-7.581159352190353e+00 -1.574942611828861e+01
-1.361317017781193e+01 -2.167480675954780e+01

-7.172505022651118e-01 1.375698750267345e+01
8.525278840140558e-01 1.481906870036566e+01
1.311289718454631e+01 -1.197628503044376e+01
3.382191348523447e+00 -6.319938685859758e+00
1.436690525040150e+01 5.655713802695383e+00

3.568139689302391e+00 7.745635610619200e+00
4.029605679574791e+00 1.489750966798675e+00
3.947270108176448e+00 -1.475004142454398e+01
3.596589933013186e-01 -5.732846679361649e+00
8.181964138597886e+00 -4.074698070334402e+00

5.243135034885989e+00 -1.483273866963524e+01
5.542887478899248e+00 -2.263168169428137e+01
-2.680999794641847e-01 -2.326722595216414e+01
-6.140640027895581e+00 5.688401845962679e+00
-1.627619526176657e+01 -1.283934451227355e+01

-1.862399584157266e-01 -1.062122769520716e-01
-2.102253194118459e-02 5.373903971253267e-01
-2.148655071571328e-01 1.108095475776497e+01
-1.266911040665383e+00 1.019522685883021e+01
-5.562610247650701e-02 1.538908875148948e+00

6.144414222753937e-01 -6.734710736712087e+00
4.722434019485862e-01 -1.212967776400953e+00
-8.469623866893463e-01 -9.230486865915355e-01
-1.239283255658952e+00 -8.983734572498195e+00
-1.713370028766810e+00 1.860561826237210e+00

-1.939893664756398e+00 8.252528798292555e+00
3.257586093765168e-01 5.066420122912926e+00
3.742252104875388e+00 4.132245843434008e-01
8.022305774865472e-01 1.946199140398894e+01
3.262623065950645e+00 9.289661838933462e+00

3.091205403708589e+00 -2.961896909960696e+00
2.915515333701842e+00 -5.251203427163203e+00
7.074289240176881e+00 -7.131926339969681e-01
5.010685618297108e+00 -1.572968200652169e+01
4.691019234094322e+00 -1.136607146252408e+01

-1.797232563481198e+00 -6.621421597771620e-01
2.608347186093932e+00 4.402442693331260e+00
-5.645130772233905e+00 1.301940515586578e+00
-6.266359454368281e+00 1.172275940020510e+00
-1.023732085628130e+01 2.720297208414296e+00

2.693426342300462e+00 -7.061157663832967e+00
3.706827469547250e+00 -7.522488056857852e-01
1.805322334650305e+00 1.280869800590016e+01
4.502224557807716e+00 -4.888342818611717e+00
3.988433558083226e+00 3.363627930932490e+00

-1.272198211522709e+00 8.024384195728643e+00
1.100816759033228e+01 -3.938164555146011e+00
-3.644910235360499e+00 5.002911102100238e+00
6.330162412054472e+00 -4.693546303034180e+00
-2.903033951487620e+00 -8.197495534543982e+00

-1.624010320776480e+00 7.646236306005042e+00
-2.496989801063257e+00 2.547319879597091e+00
-1.891413714039629e+00 -1.077185131513800e+01
5.215372190482178e-01 -3.459367998384910e+00
-2.869532010291210e+00 6.813358414222482e-01

-5.558565231949522e-01 7.729070935780938e+00
-1.066010212341959e+00 3.467151926664238e+00
-3.961653645702539e-01 1.228963204409164e+01
6.441967683329529e-01 -4.134161961252511e+00
-1.550329860547855e-01 3.555122760502173e+00

1.658781032629584e+00 6.952306879962034e+00
9.898551609157739e+00 3.624409308653738e+00
-1.901364806074840e+00 5.375396669411422e+00
-2.151966399367153e+00 1.673449863340406e+01
-2.272288814475075e+00 5.617181220373679e+00

3.672092158124048e+00 -9.346214644945994e-02
2.849118175660962e-01 6.278910521963730e+00
-9.694623572551622e-01 1.837925897984787e+00
4.366491410934291e+00 1.302923368281360e+01
-8.693216151183782e-01 1.270566439690641e+01

1.476678303174555e+00 7.219827751334051e-01
1.495842056950472e+00 1.086658213098064e+00
1.591618538912612e+00 3.021849498507122e+00
1.161919751400204e+00 1.189222022221250e+01
2.859182987829915e+00 2.089208890928009e+00

6.563203441213950e+00 8.035559164350868e+00
1.855034638307370e+01 6.051806675718380e+00
7.488724441029038e+00 -1.517464223575953e+00
1.970710399825641e+01 5.707864212495269e+00
1.401073802815575e+01 -7.363137295543448e+00

-6.093167986863382e-02 -9.240217912149356e+00
-1.420463723708224e+01 -2.525872133768534e+00
1.868394212079552e+00 -1.653516109246689e+01
-2.318824257569048e+00 -1.118699562610304e+01
-5.659402676052911e+00 -1.061847647163340e+01

-4.485483979629303e-01 7.549756881746474e+00
-3.998124908996193e-01 1.560158605588305e+00
1.028612877634965e+00 -1.775832043412611e+00
3.825583150684790e-01 -4.844262229824322e+00
2.098035770235666e+00 -1.770344681520823e+00

5.424105094499426e+00 2.008829754958352e+00
1.387697039497764e+01 6.915830386177819e-01
6.105729987652572e+00 6.604912265356722e-01
1.084984941371080e+01 -8.659999062441797e+00
1.164351131779437e+01 3.233983836445852e+00

-1.446537530596177e+00 7.087787434220659e+00
-5.717938275582768e-01 4.001165136603886e+00
3.985729033585230e-01 1.483969029008898e+00
1.140919901008788e+00 -3.527435444111066e+00
1.120064235984988e+00 6.357116431455665e+00

4.699390370331217e+00 3.151827363718480e+00
-4.496269647834367e+00 -9.345560167531985e+00
-4.352156679242630e+00 -1.281126990158655e+01
-2.351090084608860e+00 -1.100714658756340e+01
-8.625069581198504e+00 -2.319850786215386e+01

-1.531737746213462e+00 5.064066863419196e+00
-1.369857988222204e+00 1.032775087697536e-01
3.484274758222288e-01 -1.255880747173067e+01
-1.917921162424369e+00 -4.648098857301502e+00
-3.715639051624324e-01 -3.005628523049583e+00

-4.117246511074972e+00 -2.964495757169801e+00
8.518142159418931e+00 -1.016087345550923e+01
4.816604978742411e-01 -1.602627329588420e+01
-4.170437096248442e+00 -1.492649159134118e+01
-6.348942198120290e+00 -8.101215744036157e+00

1.128565644198777e+00 8.318014294620287e+00
-6.028759696613978e+00 1.006896513370081e+01
1.933108679657090e+00 1.759672900745649e+01
4.954076828773661e+00 8.839413707709161e+00
9.251499257299608e+00 6.973376641231262e+00

3.517481395701347e-01 9.849470733711478e+00
-3.623444442830763e+00 1.427086855691055e+00
8.911408072216584e+00 -8.105511809382079e+00
9.585825622235699e+00 1.547950044018025e+01
8.493174997605390e+00 3.841101914620711e+00

3.847616435223400e+00 2.481310661416863e+00
1.642956322066263e+01 2.035587398395811e+00
8.907555718107737e+00 -5.169796868938389e+00
5.157055755728173e+00 3.828822655917015e+00
7.629549986775525e+00 8.811785134661122e+00

-4.902329021618008e-01 -7.939203359837678e+00
-1.100949873020559e+01 -1.523310491015495e+00
-1.317940916578967e+00 7.947421233045390e+00
-7.129736697870324e-01 -1.154995980840048e+01
-1.413906670363887e+00 -2.155619761724456e+00

-8.141022591128468e-01 7.368691168985048e+00
9.201458286372270e+00 -2.111581469917271e+00
-2.308945790637764e+00 7.428962395600169e+00
-7.988508669409400e+00 6.815984629420964e+00
-3.390258403415574e+00 -3.796814050855155e+00

4.520600499511636e+00 3.859894362659571e+00
1.620880534358506e+01 3.183219839498504e+00
8.667440484774506e+00 -2.645732037005746e+00
7.593598396977884e+00 4.539130805944978e-01
6.275785668655232e+00 1.014992666929367e+01

-6.108912826140077e+00 2.063312974992397e+00
2.559704999712253e-02 3.854413596255123e+00
6.180060119458454e+00 1.334638859861425e+01
1.697398643570633e+00 1.346211278606782e+00
9.301895244352933e+00 -7.570118058610582e-01

3.732633248569934e-01 6.708246045663204e+00
1.107029189580441e+01 3.977859818051916e-01
5.388781918293590e-01 1.082331929779416e+01
5.505488346296832e-01 5.515344474777503e+00
1.246372528789848e+00 1.005093480832441e-01

2.934844704817738e+00 2.488095106659209e+00
1.320264096988564e+01 9.930290268657620e-01
2.066666832645293e+00 -5.223231039445824e-01
4.515611382447464e+00 -7.848229813154230e+00
3.600278229291243e+00 2.288100317347203e+00

1.562862769774855e+00 2.344593788994426e+00
1.208412820388501e+01 -1.891979442074128e-01
8.295779203983830e-01 1.022976076576328e+01
2.212010087862674e+00 -8.227313896793607e+00
1.309884371890525e+00 2.683082809033221e-01

2.267107692950695e+00 1.900839530736809e+00
1.240313742368812e+01 -6.019204955503603e-01
7.894199953532717e-01 1.042739646199797e+01
1.705881786654474e+00 2.349491562281118e+00
1.522213399600583e+00 -8.127502652443056e-01

-1.620145628739792e+00 7.055601332578842e+00
1.196062382342701e+00 8.390250130890635e+00
-6.863972068180162e+00 3.525479769217974e+00
-7.192592458586236e+00 6.214812452445351e+00
-1.215068871834515e+01 6.288184282707102e+00

-1.802082618159961e+00 6.487019583125625e+00
-2.486217636191846e+00 1.663034150607251e+00
-2.186182110183842e+00 1.041727326444155e+01
-1.705970062384695e+00 4.796473212380433e+00
-2.804485211403642e+00 -5.991517588136444e-01

-1.212456589832957e+01 1.725121277779948e+00
-8.629375133684727e-01 -1.676348911114015e+01
-1.101580159788816e+01 -2.592192970611391e-01
-1.683641417974339e+01 -1.196357214746730e+01
-6.995428617851200e+00 -1.359461300008783e+01

-6.009321987142640e+00 4.069252423919457e-01
-2.806805998505302e+00 -6.504543988744436e+00
-7.358404644298926e+00 -2.637261889309400e+00
-8.336178309753535e+00 -1.383346713657411e+01
-1.347217580894670e+01 -3.043849521904441e+00

-3.743060567644604e+00 -8.944260951553245e-01
6.594167287907227e+00 -7.524569965081176e+00
-6.763248051775117e+00 6.445605474630440e+00
-4.195086974163452e+00 -1.294854919718148e+01
-7.038665514884533e+00 -5.712070021028725e+00

-4.149986294570631e-01 6.254998884548766e+00
1.106635852491098e+01 9.937300015826231e-01
8.491077333938563e-01 1.875943647093794e+00
8.025143970070854e-01 3.712759787065230e+00
1.596016838702310e+00 2.478716908561036e+00

1.677254678921194e+00 -6.397225352020501e+00
8.154810818030220e-01 -4.623458273208544e+00
-9.473092698805123e-01 -9.176256952903330e+00
1.948342549418874e+00 -1.792678932442913e+01
-4.843800043594637e-02 -8.238962499203677e+00

-1.270806749144191e+00 7.084051433184888e+00
1.241394642157943e+01 9.243608814202187e-01
3.522404450228800e+00 -1.726150352504671e+00
3.649491387564909e+00 9.308595960131769e-01
6.788287420767157e+00 -4.373110208916807e+00

7.204705805576017e-02 7.649021475771329e+00
9.396099408564606e+00 -9.259746365815824e-01
-1.714937723571665e+00 1.015986332073279e+00
-5.166737134418300e+00 9.311261576427517e+00
-2.779768337643621e+00 -2.016857630961137e+00

-6.454513015553929e+00 -2.998444462980589e+00
-2.260514727233461e+01 -4.406444109434362e+00
4.590379776866739e+00 -2.179946702971504e+01
-1.032007217798007e+01 -4.443248250211878e+00
-1.002479918316022e+01 -1.776458791656530e+01

2.744503007885874e+00 2.822153479732976e+00
1.262854297019737e+01 9.812114701985646e-01
1.545568735728960e+00 1.397765045590029e+00
2.385913516103345e+00 2.221862084222213e+00
2.454558178870827e+00 2.147223756094421e+00

4.431155569117166e+00 3.923581390339294e+00
1.535133679510719e+01 2.547266001193464e+00
6.261185258269654e+00 -1.870931205865347e+00
8.052530085410615e+00 -8.949224313231225e-01
1.116789487589838e+01 -4.160411585708562e+00

-4.535368392816767e+00 -3.924723737602302e+00
-1.859535877608703e+01 -5.175516996606282e+00
5.161854539604428e+00 -1.770419036761019e+01
-2.416325329030782e-01 -1.405563884229224e+01
-5.851423261360938e+00 -1.446123791774625e+01

-1.227918325311151e+01 1.522516164209371e-01
1.156011257241950e+00 -1.889860063269366e+01
-6.265367477704411e+00 -6.620500147442577e+00
-1.406140397925971e+01 -1.319477538861389e+01
-8.640906306039261e+00 -1.343123577502403e+01

-1.070008958080436e+00 1.059623758357667e+01
1.543654686199968e+01 2.061477338912385e-01
-1.725065454892122e+00 1.843382583316494e+01
6.263024260673772e+00 -8.972017756956915e-01
9.073789014726174e+00 1.297875280513143e+01

-6.767202315052430e-01 6.471564209886165e+00
-2.107958098737680e+00 7.489578478421913e+00
2.396539188274613e+00 1.287812993606467e+01
-2.863749820360242e+00 3.174376813540546e+00
-3.311094259649429e+00 1.471021822036342e+01

-3.991983096329972e+00 5.332652013835169e-01
-5.260597268896675e+00 2.154660946904624e+00
4.839183689659114e+00 -1.143370030676537e+01
1.899687749001969e+00 -2.773499123611027e-01
6.747371961349296e+00 8.495186700866187e-01

-1.560120566425803e+00 -1.598831787111960e+00
-1.191983662245692e+01 7.743110413209792e-02
-1.638177946027113e-01 -1.043844998940350e+01
5.480752066544888e-02 -1.032768508736668e+01
-6.669171935986078e-01 -5.374698611601069e-01

-6.996365252975996e-01 7.096535198749602e+00
-1.755049627466108e+00 5.565964985488710e+00
-3.880550831064134e+00 -1.544573875118305e+00
-1.706211962447017e+00 6.552228780948166e+00
-2.776420464284906e+00 9.944569699964390e+00

-8.226604468574376e+00 9.135889761200422e+00
-1.248123151333859e+01 -1.413389365593563e+01
-1.604643140873894e-01 7.440854995214794e+00
-1.054151977114836e+01 -8.321434066003441e+00
8.850576988717660e-01 -6.098205643475954e+00

1.939893664756400e+00 -8.252528798292561e+00
-3.257586093765177e-01 -5.066420122912924e+00
-3.742252104875404e+00 -4.132245843433997e-01
-8.022305774865544e-01 -1.946199140398895e+01
-3.262623065950653e+00 -9.289661838933464e+00

1.862399584157261e-01 1.062122769520708e-01
2.102253194118420e-02 -5.373903971253269e-01
2.148655071571328e-01 -1.108095475776497e+01
1.266911040665383e+00 -1.019522685883021e+01
5.562610247650601e-02 -1.538908875148948e+00

-7.408797223173547e+00 3.188305393673395e+00
5.365474224921183e-01 -8.789427707824458e+00
7.864653473347936e+00 9.601477674959959e+00
3.358020077856410e-01 -5.459321366960650e-01
8.371320340813931e+00 -5.289325756674623e+00

6.542397548381413e-01 -8.029917082835874e+00
1.685907692520931e+00 -3.916396550237094e+00
2.198098031572153e+00 5.907403607643230e+00
2.879150887313616e+00 -1.398472259184519e+01
2.061972186277271e+00 -4.388760394611804e+00

-3.625043552214164e-01 5.704607343064437e+00
-1.490492456931704e+00 5.779453276629881e+00
-5.544183627623747e+00 5.610785874852899e-01
-6.816525116234589e-01 8.845133877478939e-01
-2.392849689248149e+00 1.106541308514806e+01

1.696821869707339e+00 8.694536920293773e+00
3.712445933581207e+00 -1.047472468095229e+01
7.762494438558051e+00 2.156855233492730e+00
1.496584732084519e+01 1.928068727585842e+01
1.631181247389598e+01 1.605835257700214e+00

1.384850607760737e+01 -2.393069215141583e+00
3.664483603698505e-01 2.104801983451523e+01
-2.643283927175824e+00 1.442025917666038e+01
6.055839921664999e+00 5.409355305540053e+00
1.480885155777166e+00 1.342960248415598e+01

-3.623549224816217e-01 7.923628711305492e+00
-1.796186782158703e+00 6.249392259783940e+00
9.814823856608512e-01 1.346050329566516e+01
-1.300399926261525e+00 1.060807351626824e+01
-2.878400631360112e+00 1.123205577162675e+01

1.556575224375682e+01 -2.152826921790912e+00
9.182915734017811e-01 2.389500347993247e+01
8.722630651338667e+00 3.307918551778605e+00
9.542862064825330e+00 6.168533895282967e+00
4.017711864250114e+00 1.346931801246654e+01

-5.520709205714490e+00 7.993338212013145e+00
-1.147154868670225e+01 -9.325684815050867e+00
1.349843982432603e+00 6.437365122397694e+00
6.284810517241730e+00 9.496745015796167e+00
2.400356582244262e+00 -3.997291022389308e+00

-1.476678303174550e+00 -7.219827751334047e-01
-1.495842056950468e+00 -1.086658213098063e+00
-1.591618538912607e+00 -3.021849498507123e+00
-1.161919751400197e+00 -1.189222022221250e+01
-2.859182987829906e+00 -2.089208890928007e+00

-2.265907517007725e+00 -1.114695408341427e+00
-1.304600618819772e+01 3.690991743091836e-01
-1.861355169616525e+00 1.004983721978319e+01
-1.462242012931058e+00 -9.119302085136120e+00
-2.466802868436770e+00 4.226946763993996e-01

-5.455511804570441e-01 1.156623849915515e+01
1.330244158928858e+01 7.653856760976367e-01
-1.977674443134023e+00 1.883174450135123e+01
5.688430358910015e+00 2.461776434935480e+01
9.183932521013624e+00 1.095739155123653e+01

-5.123074786111084e+00 6.431505276801938e+00
-1.060553681245201e+01 -8.836949888279944e+00
3.015360823581995e+00 -1.264565215982207e+01
6.960054565890225e+00 7.114684081508904e+00
3.007274879289818e+00 -4.856556398405860e+00

4.423307980376979e+00 -2.919298408318409e-01
-1.192307371899748e+00 2.591735080498039e+00
5.621446016540426e+00 -6.458565908642295e-01
9.697166753031521e+00 -1.082857094827653e+01
1.047827857955441e+01 1.010883233228958e+00

-3.747122748603658e+00 2.421721142184944e+00
5.064619001017941e+00 -7.178784405468278e+00
-8.338365398959212e+00 8.038768952648125e+00
-5.152328868436193e+00 -6.774942798364578e-01
-8.448601348131064e+00 -6.103020210106362e+00

8.395722217806640e+00 -4.069552250098532e+00
1.129287615906310e+01 -4.139010701875268e+00
1.138770944211813e+01 -5.540063839898986e+00
1.312742158096037e+01 -2.144840912077295e+01
2.070709185262806e+01 -1.028112064763507e+01

-6.663742763844870e+00 9.509498294715657e+00
-1.331289236336872e+01 -1.278729898516197e+01
-1.869320990066828e+00 -4.959665319638591e+00
-1.007826853215740e+01 -8.765651332094887e+00
1.614100488822240e+00 -5.525737847003153e+00

-1.658781032629588e+00 -6.952306879962025e+00
-9.898551609157742e+00 -3.624409308653738e+00
1.901364806074834e+00 -5.375396669411426e+00
2.151966399367144e+00 -1.673449863340405e+01
2.272288814475068e+00 -5.617181220373681e+00

-4.272594269975031e+00 3.996052041756252e+00
-5.622160840960393e+00 3.434229181829862e+00
-5.383090915187506e+00 2.963216588877388e+00
-9.292941705730556e+00 -5.122248714699204e+00
-1.094743333790259e+01 7.617808749511572e+00

-2.119378121935675e+00 6.055252796394539e+00
-5.415896846493538e+00 -8.039981409112720e-02
3.450767582740573e+00 1.236110393544624e+00
2.879551521831713e+00 3.314926590852281e+00
6.583205317415667e+00 1.322338673348376e+00

2.962096038938935e+00 3.373704902174387e+00
1.314940246308907e+01 -4.651371233408566e-01
2.161924665505718e+00 -1.217242892286605e+01
3.393538343669583e+00 -1.950080947013556e+00
3.382260199847551e+00 -1.790468349154426e+00

2.014434339374277e+00 2.575427829380843e+00
-7.808067507705330e+00 7.136672926187546e+00
6.466334488784024e+00 -7.021295928720186e+00
6.743209070238986e+00 -5.129740294638085e+00
6.441477269203547e+00 5.592870998724954e+00

4.568145336613567e+00 1.828998871845096e+00
3.848188364997750e+00 -3.243193642966411e+00
8.634101974490932e+00 4.359293587272190e+00
1.019756290834090e+00 -1.575545146046800e+00
6.345767058543991e+00 -9.532687630944112e+00

-2.693426342300462e+00 7.061157663832967e+00
-3.706827469547250e+00 7.522488056857863e-01
-1.805322334650307e+00 -1.280869800590015e+01
-4.502224557807720e+00 4.888342818611716e+00
-3.988433558083227e+00 -3.363627930932489e+00

4.322065583798471e-01 7.469318393891620e+00
-6.451638608962215e+00 5.929749970546396e+00
6.899310608204072e+00 -8.631911234586729e+00
4.550876503482860e+00 4.783032807497214e+00
7.626688543796980e+00 4.795210320746335e+00

-3.672092158124048e+00 9.346214644945861e-02
-2.849118175660953e-01 -6.278910521963732e+00
9.694623572551641e-01 -1.837925897984788e+00
-4.366491410934292e+00 -1.302923368281361e+01
8.693216151183780e-01 -1.270566439690641e+01

6.398008326482021e+00 -1.005880553735605e+01
1.509404163780657e+01 1.099634949891266e+01
-1.525860576304700e+00 1.435084781681509e+01
1.155075936356717e+01 6.949212099190474e+00
1.155052852266185e-01 4.278531499251286e+00

1.415460419586134e+01 -1.175989231951514e+00
-7.362942737195119e-01 2.219086895487449e+01
1.076565899860416e+00 6.526390490566842e+00
9.154170481534354e+00 6.859389176522485e+00
4.133446372471247e+00 1.550233161934700e+01

-4.846482335946761e+00 8.041669396002039e+00
-9.197544714815869e+00 -9.627132068114944e+00
-3.851680552306908e+00 -1.185250734387032e+01
-6.716335716124112e+00 -7.946351218799324e+00
-8.345957523665636e+00 -2.180629537370724e+01

-2.861923467518718e+00 -1.092404462134433e+01
-6.579924948318280e+00 -8.549807506664067e+00
1.195401799193143e+01 1.269626194943530e+00
7.253976316567159e+00 -2.245954354679323e+01
7.932480395871880e+00 -9.426978477844274e+00

-1.421030669639300e+00 -2.691740798383371e+00
-1.149631604495783e+01 -7.655384067138344e-01
-7.249628296063748e-02 -3.111436428934328e+00
3.970348990749795e-01 -1.249852921957542e+01
-2.695377204922230e-01 -1.977048337424233e+00

-2.039619150855821e+00 2.894029625940555e+00
-8.361873353853289e-01 -2.235117001728635e+00
1.233484860783021e-01 4.502767802999947e+00
2.090824744272492e+00 2.711301553447732e+00
4.847936701305935e-01 -6.524378307968133e+00

1.545810783082181e+00 4.488043386950558e+00
1.415280511388515e+00 -6.390291496443981e-01
3.290835347434700e+00 6.642400496468671e+00
5.676046549234283e+00 3.613093409971928e+00
3.629073802268378e+00 -5.217762272565767e+00

-1.241185654520919e+00 6.079613490751418e+00
-1.352049377910743e+00 2.863771460596582e+00
-7.413023544866602e-01 2.321541691222587e+00
-1.031091806317526e+00 4.112430450857190e+00
-1.093915720417987e+00 3.339737279252880e+00

1.313633212445698e+01 -1.410350481665032e+00
-1.816183148693851e-01 2.105776261886292e+01
2.994216763187662e+00 9.915916783707335e+00
1.037496167771513e+01 9.513394782463042e+00
6.995119562234912e+00 1.965135738095462e+01

-4.153813955918346e+00 4.163956529404781e+00
1.515310983812917e+00 -1.753991354883712e+00
6.352127509729080e+00 8.037578127515751e+00
3.755554944724164e-01 -2.418260682933629e-01
6.259553664922862e+00 -5.709014945293204e+00

-6.690124877046896e+00 -1.061661092166289e+00
-1.243244224836318e+01 1.626600418844890e+00
-7.920103212126815e+00 -3.070617241447547e+00
-9.464485513355299e+00 -1.518565082394935e+01
-1.454077295180803e+01 -3.964009447534584e+00

-3.056603338065728e-02 1.040389452954969e+00
-1.379999038060768e-01 4.993186574286390e-01
-1.848998339486405e-01 1.016367325104844e+01
7.711038307853175e-01 -8.553086887175327e+00
-7.364392518484533e-02 5.330558949282387e-01

8.350635373813025e-01 -7.647308757517141e+00
7.272306121280447e-01 -3.958391709931220e+00
4.723021459479009e-01 -1.181742215436909e+01
5.755288825501168e-01 -1.613627697043982e+01
-7.164013235192832e-01 -5.470556868390934e+00

2.537054865780191e+00 1.871045362037400e+00
1.301409362556475e+01 -3.939715714868077e-01
1.653719970212381e+00 -1.096196262546354e+01
4.013726336419738e+00 -8.674801011211141e+00
2.752805244201455e+00 -7.515997299250958e-01

-2.634101869851029e+00 -6.004692536766261e-01
2.410546589406370e-01 -4.005343396947930e+00
1.073828934612263e-01 -1.777794740962846e+00
2.102589833196076e+00 2.823943359960433e+00
1.765228057506390e+00 -8.609721643375799e+00

-6.144414222753933e-01 6.734710736712088e+00
-4.722434019485861e-01 1.212967776400953e+00
8.469623866893461e-01 9.230486865915338e-01
1.239283255658952e+00 8.983734572498195e+00
1.713370028766811e+00 -1.860561826237212e+00

1.113096645888078e+01 -8.344396772443945e-01
-3.005779524223561e+00 1.531134645694916e+01
-3.565641840373076e+00 1.620936313197885e+01
-1.933991571505015e-01 2.574276562218539e+00
5.321066700528019e+00 1.317749729781123e+01

8.404396617549162e+00 -1.285889539812886e+00
-5.466675922669623e+00 1.202102299877657e+01
-2.123105274016625e+00 1.781683279039808e+01
-2.101343787375648e+00 4.310576147431508e+00
-1.036960622752962e+01 9.049543180821399e+00

-6.580591474957557e+00 5.406515786770090e+00
1.822708919325621e+00 -6.284753466510005e+00
1.322723969196922e-01 -1.782840549734784e+01
2.424437487097345e+00 -3.433202911423859e+00
9.284338631778761e+00 -1.161876922345820e+01

-4.745212029660556e+00 -1.381741081144973e+00
8.294907498380512e+00 -1.087319598549308e+01
8.532977346872297e-01 -1.690543901547990e+01
-5.940479743398464e+00 -1.034818692212928e+01
-6.247610028219922e+00 -9.352293049788372e+00

-2.495752593900129e+00 -4.839705769912747e+00
5.349373585604733e-01 -6.614970471916540e+00
-4.590965867642549e+00 -1.166560456855269e+01
-6.223148411514643e-01 -1.810112209476220e+01
1.181970353366020e+00 -1.278898422942031e+01

-4.228246313023735e+00 -3.117792231272338e+00
7.399815829057220e+00 -1.161313792514080e+01
-1.158215940143894e+00 -1.652023393015548e+01
-7.331634799806102e+00 2.511086128044560e+00
-7.934029719809322e+00 -8.904147922107168e+00

5.665259306329086e+00 3.061314986790400e+00
1.676839043403098e+01 2.734052225349636e+00
9.843923792492308e+00 -2.589325571567380e+00
5.601395996776262e+00 1.577683137017613e+01
7.826411760628579e+00 1.018477342303914e+01

-1.176161173245712e+01 1.188673061514480e+00
9.248460797547704e-01 -1.596989326510742e+01
-1.076459589481125e+01 1.373090537789315e+00
-5.636067467831488e-01 -4.111564792471128e-01
-6.343704300797997e+00 -1.260868093337718e+01

1.676985357368705e+00 8.252501396835401e+00
1.234713402234611e+01 1.625319900963018e+00
5.309676831646596e+00 -9.779778971257407e+00
6.468762221051665e+00 1.048831116707089e+01
6.127284429323024e+00 1.224033325185824e+00

5.520709205714493e+00 -7.993338212013151e+00
1.147154868670226e+01 9.325684815050870e+00
-1.349843982432602e+00 -6.437365122397700e+00
-6.284810517241728e+00 -9.496745015796172e+00
-2.400356582244260e+00 3.997291022389306e+00

-6.542397548381405e-01 8.029917082835873e+00
-1.685907692520927e+00 3.916396550237094e+00
-2.198098031572145e+00 -5.907403607643227e+00
-2.879150887313602e+00 1.398472259184519e+01
-2.061972186277262e+00 4.388760394611805e+00

-2.537054865780190e+00 -1.871045362037398e+00
-1.301409362556475e+01 3.939715714868104e-01
-1.653719970212379e+00 1.096196262546354e+01
-4.013726336419738e+00 8.674801011211141e+00
-2.752805244201455e+00 7.515997299250986e-01

-1.696821869707337e+00 -8.694536920293771e+00
-3.712445933581208e+00 1.047472468095228e+01
-7.762494438558051e+00 -2.156855233492730e+00
-1.496584732084519e+01 -1.928068727585842e+01
-1.631181247389598e+01 -1.605835257700212e+00

-1.113096645888078e+01 8.344396772443892e-01
3.005779524223568e+00 -1.531134645694915e+01
3.565641840373074e+00 -1.620936313197885e+01
1.933991571504972e-01 -2.574276562218540e+00
-5.321066700528016e+00 -1.317749729781123e+01

-4.350326574344632e+00 4.775818660791821e-01
-2.522159999467639e+01 -1.732683663516038e+00
1.123548597470645e+00 -2.545314701358063e+01
-1.783127436147982e+01 -5.902805608151603e+00
-1.361882069959024e+01 -1.685014696738194e+01

-1.124631622168113e+00 9.679760903289633e+00
1.259420899774031e+01 7.909506159898392e-01
9.503782182124304e+00 -5.098993223501293e+00
4.345118374475512e+00 -2.417614671046711e+00
7.614840362386898e+00 8.838289837170432e+00

4.910748013863460e-01 7.891022390932987e+00
9.581200172524328e+00 2.219969518014147e+00
-8.232718073095331e-01 1.143020776785664e+01
-3.012091954355456e+00 1.435599095943032e+01
-1.877938132904929e+00 3.333326283284152e+00

-2.014434339374279e+00 -2.575427829380843e+00
7.808067507705325e+00 -7.136672926187548e+00
-6.466334488784024e+00 7.021295928720188e+00
-6.743209070238987e+00 5.129740294638082e+00
-6.441477269203547e+00 -5.592870998724954e+00

2.119378121935673e+00 -6.055252796394538e+00
5.415896846493537e+00 8.039981409112773e-02
-3.450767582740574e+00 -1.236110393544625e+00
-2.879551521831716e+00 -3.314926590852278e+00
-6.583205317415670e+00 -1.322338673348376e+00

1.070008958080437e+00 -1.059623758357667e+01
-1.543654686199967e+01 -2.061477338912399e-01
1.725065454892126e+00 -1.843382583316493e+01
-6.263024260673768e+00 8.972017756956916e-01
-9.073789014726168e+00 -1.297875280513143e+01

3.019398013679080e+00 1.405377198296910e+01
5.241356570381393e+00 1.623517388152113e+01
7.487206041220041e+00 2.079597416144610e+01
1.895848862313972e+01 2.257577879240506e+01
1.693550651181485e+01 3.959333990513545e+00

-4.423307980376982e+00 2.919298408318399e-01
1.192307371899745e+00 -2.591735080498041e+00
-5.621446016540429e+00 6.458565908642278e-01
-9.697166753031528e+00 1.082857094827653e+01
-1.047827857955441e+01 -1.010883233228960e+00

1.560120566425803e+00 1.598831787111963e+00
1.191983662245692e+01 -7.743110413209742e-02
1.638177946027107e-01 1.043844998940351e+01
-5.480752066544936e-02 1.032768508736668e+01
6.669171935986072e-01 5.374698611601079e-01

5.041529946502526e+00 -7.685980183178822e+00
1.055010306356142e+01 9.124363037074298e+00
-1.626541378493894e+00 -7.504440612728708e-01
-6.434543213762117e+00 -9.757535742570031e+00
-3.406827539925227e+00 3.905619097489965e+00

-1.682383250737169e+00 9.930753758957453e+00
1.046482558199121e+01 -7.284594618375062e+00
7.095536392803229e+00 3.682212058248813e+00
7.581889234586821e+00 -7.691458851248647e+00
1.408969102241463e+01 7.655850833972705e+00

-1.260460159279782e+01 -1.136519815953738e+00
3.813348143447965e+00 -1.918129775708849e+01
-2.537569236215743e+00 -6.438711960693809e+00
-3.711591113816853e+00 -1.565533080854222e+00
-6.650320222783066e+00 -1.252397503524958e+01

1.421030669639300e+00 2.691740798383369e+00
1.149631604495783e+01 7.655384067138336e-01
7.249628296063770e-02 3.111436428934327e+00
-3.970348990749812e-01 1.249852921957542e+01
2.695377204922227e-01 1.977048337424230e+00

7.408797223173547e+00 -3.188305393673398e+00
-5.365474224921196e-01 8.789427707824460e+00
-7.864653473347935e+00 -9.601477674959957e+00
-3.358020077856412e-01 5.459321366960657e-01
-8.371320340813933e+00 5.289325756674622e+00

5.455511804570401e-01 -1.156623849915515e+01
-1.330244158928858e+01 -7.653856760976301e-01
1.977674443134013e+00 -1.883174450135123e+01
-5.688430358910026e+00 -2.461776434935480e+01
-9.183932521013633e+00 -1.095739155123652e+01

-1.119313239102241e-18 3.172384463306764e-19
-3.736493516541968e-19 6.266805816590678e-19
-1.234096828781700e-19 5.684590046229126e-19
-4.189691297014362e-19 4.667786903587476e-19
-1.168204863509747e-19 1.102613804814975e-18

3.991983096329972e+00 -5.332652013835172e-01
5.260597268896674e+00 -2.154660946904623e+00
-4.839183689659113e+00 1.143370030676537e+01
-1.899687749001969e+00 2.773499123611037e-01
-6.747371961349296e+00 -8.495186700866169e-01

-1.384850607760737e+01 2.393069215141586e+00
-3.664483603698532e-01 -2.104801983451522e+01
2.643283927175823e+00 -1.442025917666038e+01
-6.055839921664997e+00 -5.409355305540050e+00
-1.480885155777167e+00 -1.342960248415597e+01

-8.879882488075944e-01 -7.938780834657742e+00
-1.058109406052758e+01 -2.046723271626663e+00
1.971241659634898e-01 -1.218269811538230e+01
-1.573984220994333e+00 4.243044334305257e+00
5.136641142930200e-02 -3.212062634341843e+00

1.272198211522711e+00 -8.024384195728642e+00
-1.100816759033228e+01 3.938164555146012e+00
3.644910235360499e+00 -5.002911102100237e+00
-6.330162412054473e+00 4.693546303034181e+00
2.903033951487620e+00 8.197495534543984e+00

-9.926526835517220e-01 -7.305889973781553e+00
-1.029870319446735e+01 -2.677543392757686e+00
9.176403636770902e-02 -7.694947493676638e-01
-1.270724655117641e+00 4.543866522316555e+00
1.055466473432065e+00 -4.462048048336409e+00

-1.562862769774855e+00 -2.344593788994427e+00
-1.208412820388501e+01 1.891979442074123e-01
-8.295779203983833e-01 -1.022976076576328e+01
-2.212010087862675e+00 8.227313896793607e+00
-1.309884371890526e+00 -2.683082809033222e-01

-3.019398013679089e+00 -1.405377198296911e+01
-5.241356570381416e+00 -1.623517388152118e+01
-7.487206041220061e+00 -2.079597416144613e+01
-1.895848862313976e+01 -2.257577879240510e+01
-1.693550651181489e+01 -3.959333990513549e+00

-1.677254678921194e+00 6.397225352020506e+00
-8.154810818030225e-01 4.623458273208545e+00
9.473092698805132e-01 9.176256952903326e+00
-1.948342549418871e+00 1.792678932442913e+01
4.843800043594726e-02 8.238962499203673e+00

-6.452560968200984e-01 6.064091636696242e+00
1.137947086080554e+01 -5.979444270512380e-01
1.535923579949904e+00 -1.226421090857548e+01
3.409530687850948e+00 -8.191282469654619e-01
2.183089696124705e+00 -2.214427653296047e+00

-3.732633248569943e-01 -6.708246045663204e+00
-1.107029189580440e+01 -3.977859818051908e-01
-5.388781918293608e-01 -1.082331929779416e+01
-5.505488346296832e-01 -5.515344474777502e+00
-1.246372528789848e+00 -1.005093480832447e-01

6.093167986863479e-02 9.240217912149358e+00
1.420463723708224e+01 2.525872133768532e+00
-1.868394212079554e+00 1.653516109246689e+01
2.318824257569049e+00 1.118699562610305e+01
5.659402676052914e+00 1.061847647163341e+01

-5.243135034885979e+00 1.483273866963524e+01
-5.542887478899235e+00 2.263168169428136e+01
2.680999794641910e-01 2.326722595216412e+01
6.140640027895579e+00 -5.688401845962682e+00
1.627619526176657e+01 1.283934451227353e+01

-5.424105094499422e+00 -2.008829754958351e+00
-1.387697039497763e+01 -6.915830386177813e-01
-6.105729987652570e+00 -6.604912265356724e-01
-1.084984941371079e+01 8.659999062441793e+00
-1.164351131779436e+01 -3.233983836445853e+00

-4.015120349202830e-01 -7.280985234532666e+00
-1.115264833550393e+01 -8.813339144244159e-01
-1.426507844671607e+00 1.021796699925228e+01
-1.583426930360076e+00 3.185153134056893e+00
-1.726469373807123e+00 -8.774474873498996e-01

-6.563203441213948e+00 -8.035559164350859e+00
-1.855034638307369e+01 -6.051806675718374e+00
-7.488724441029034e+00 1.517464223575955e+00
-1.970710399825641e+01 -5.707864212495264e+00
-1.401073802815574e+01 7.363137295543447e+00

-1.452706440349708e+01 -1.054304758601485e+01
-3.007958435428899e+01 -4.820879736172717e+00
-8.451772319666095e+00 1.044495019640852e+01
4.733952430102619e+00 8.596982290820929e+00
-1.629562720838633e+01 1.728614227144498e+01

4.117246511074972e+00 2.964495757169801e+00
-8.518142159418922e+00 1.016087345550922e+01
-4.816604978742394e-01 1.602627329588419e+01
4.170437096248439e+00 1.492649159134117e+01
6.348942198120288e+00 8.101215744036150e+00

-1.676985357368705e+00 -8.252501396835404e+00
-1.234713402234611e+01 -1.625319900963019e+00
-5.309676831646600e+00 9.779778971257411e+00
-6.468762221051670e+00 -1.048831116707089e+01
-6.127284429323028e+00 -1.224033325185822e+00

1.270806749144191e+00 -7.084051433184889e+00
-1.241394642157944e+01 -9.243608814202160e-01
-3.522404450228799e+00 1.726150352504672e+00
-3.649491387564911e+00 -9.308595960131772e-01
-6.788287420767158e+00 4.373110208916812e+00

1.108607379643547e-01 -7.570483079776332e+00
-1.306072847286971e+01 -1.778178369180417e+00
-5.581964242580137e+00 5.179856464079933e+00
-2.783976515112415e+00 -5.900639752657708e+00
-5.019160866904192e+00 -7.556966562974599e+00

5.275934758064262e-01 -8.341023342799476e+00
-1.040126849675750e+01 1.123556004564181e+00
-4.165837577292080e-01 2.549154934878347e+00
-4.173473568034053e+00 3.852030925571079e+00
1.371961986986844e+00 3.709076192650025e+00

7.172505022651090e-01 -1.375698750267345e+01
-8.525278840140638e-01 -1.481906870036566e+01
-1.311289718454630e+01 1.197628503044376e+01
-3.382191348523444e+00 6.319938685859760e+00
-1.436690525040150e+01 -5.655713802695378e+00

2.197655288487705e+00 -7.450418078769900e+00
-9.325455199972266e+00 2.338271847036228e+00
5.519565717997841e-01 1.404735750781580e+01
-4.911511401448798e+00 3.966222285451377e+00
2.722825539584484e+00 4.878032239043176e+00

-2.962096038938936e+00 -3.373704902174389e+00
-1.314940246308908e+01 4.651371233408534e-01
-2.161924665505722e+00 1.217242892286605e+01
-3.393538343669584e+00 1.950080947013554e+00
-3.382260199847551e+00 1.790468349154427e+00

-2.386375989089075e+00 6.299020657260588e-01
7.306600844263976e+00 -1.203084753319128e+01
-9.838414672412692e-01 -1.830271613006677e+01
-1.048173753826103e+01 8.758350183374368e-01
-9.212473895737460e+00 -1.073451761775734e+01

-2.934844704817739e+00 -2.488095106659210e+00
-1.320264096988564e+01 -9.930290268657651e-01
-2.066666832645293e+00 5.223231039445806e-01
-4.515611382447466e+00 7.848229813154227e+00
-3.600278229291242e+00 -2.288100317347206e+00

4.149986294570667e-01 -6.254998884548765e+00
-1.106635852491099e+01 -9.937300015826249e-01
-8.491077333938559e-01 -1.875943647093795e+00
-8.025143970070840e-01 -3.712759787065231e+00
-1.596016838702309e+00 -2.478716908561037e+00

-1.128565644198776e+00 -8.318014294620289e+00
6.028759696613979e+00 -1.006896513370081e+01
-1.933108679657089e+00 -1.759672900745650e+01
-4.954076828773662e+00 -8.839413707709163e+00
-9.251499257299608e+00 -6.973376641231261e+00

1.797232563481201e+00 6.621421597771745e-01
-2.608347186093955e+00 -4.402442693331231e+00
5.645130772233897e+00 -1.301940515586588e+00
6.266359454368270e+00 -1.172275940020499e+00
1.023732085628130e+01 -2.720297208414318e+00

5.558565231949526e-01 -7.729070935780937e+00
1.066010212341960e+00 -3.467151926664240e+00
3.961653645702539e-01 -1.228963204409163e+01
-6.441967683329530e-01 4.134161961252510e+00
1.550329860547850e-01 -3.555122760502174e+00

4.166776006579980e-01 -4.795071108056472e+00
-4.656446372111969e-01 2.424752583538206e+00
-3.472778843383252e+00 -3.756252786682570e+00
5.555962254275133e-01 6.759961380878300e+00
-2.937572098909110e+00 8.457695898071991e+00

1.446537530596177e+00 -7.087787434220653e+00
5.717938275582765e-01 -4.001165136603884e+00
-3.985729033585217e-01 -1.483969029008897e+00
-1.140919901008786e+00 3.527435444111063e+00
-1.120064235984986e+00 -6.357116431455664e+00

5.123074786111079e+00 -6.431505276801943e+00
1.060553681245201e+01 8.836949888279941e+00
-3.015360823581995e+00 1.264565215982207e+01
-6.960054565890229e+00 -7.114684081508909e+00
-3.007274879289820e+00 4.856556398405857e+00

-3.091205403708588e+00 2.961896909960698e+00
-2.915515333701841e+00 5.251203427163206e+00
-7.074289240176882e+00 7.131926339969694e-01
-5.010685618297108e+00 1.572968200652170e+01
-4.691019234094320e+00 1.136607146252408e+01

2.861923467518725e+00 1.092404462134433e+01
6.579924948318293e+00 8.549807506664067e+00
-1.195401799193142e+01 -1.269626194943516e+00
-7.253976316567142e+00 2.245954354679323e+01
-7.932480395871867e+00 9.426978477844280e+00

2.069078327206237e+00 4.105683793128206e-01
-1.813768986634837e-01 5.001042985825890e-02
-8.054670805947923e-01 -1.166922987092779e+01
2.335776734108030e-02 -2.024606869034529e+00
-1.866849912107077e+00 -9.347399081370287e-01

2.039619150855824e+00 -2.894029625940556e+00
8.361873353853309e-01 2.235117001728636e+00
-1.233484860782996e-01 -4.502767802999948e+00
-2.090824744272492e+00 -2.711301553447732e+00
-4.847936701305915e-01 6.524378307968139e+00

-8.395722217806656e+00 4.069552250098541e+00
-1.129287615906312e+01 4.139010701875274e+00
-1.138770944211815e+01 5.540063839898992e+00
-1.312742158096039e+01 2.144840912077298e+01
-2.070709185262810e+01 1.028112064763509e+01

-4.863829510368520e+00 -2.496029656780434e+00
-3.680729932394132e+00 5.259971115556763e+00
1.723285913074701e+00 1.601757279445332e+01
-5.020510999892113e+00 3.966162741756723e+00
-6.089217934329277e+00 1.391726719432609e+01

1.842933961298827e+00 6.027262821392693e-01
-3.644655078682062e-01 4.973106856538255e+00
1.130203882149183e+00 1.070026792900063e+01
1.739056727661522e+00 1.308701604931150e+01
-1.598898875125561e+00 1.071327941824625e+01

-3.568139689302392e+00 -7.745635610619198e+00
-4.029605679574791e+00 -1.489750966798675e+00
-3.947270108176445e+00 1.475004142454397e+01
-3.596589933013168e-01 5.732846679361649e+00
-8.181964138597886e+00 4.074698070334403e+00

6.767202315052416e-01 -6.471564209886166e+00
2.107958098737678e+00 -7.489578478421913e+00
-2.396539188274612e+00 -1.287812993606467e+01
2.863749820360239e+00 -3.174376813540551e+00
3.311094259649425e+00 -1.471021822036342e+01

-4.699390370331217e+00 -3.151827363718477e+00
4.496269647834362e+00 9.345560167531980e+00
4.352156679242625e+00 1.281126990158655e+01
2.351090084608854e+00 1.100714658756340e+01
8.625069581198495e+00 2.319850786215385e+01

1.531737746213464e+00 -5.064066863419196e+00
1.369857988222207e+00 -1.032775087697526e-01
-3.484274758222283e-01 1.255880747173067e+01
1.917921162424372e+00 4.648098857301503e+00
3.715639051624360e-01 3.005628523049586e+00

6.996365252975991e-01 -7.096535198749605e+00
1.755049627466108e+00 -5.565964985488711e+00
3.880550831064133e+00 1.544573875118304e+00
1.706211962447016e+00 -6.552228780948166e+00
2.776420464284905e+00 -9.944569699964386e+00

2.634101869851029e+00 6.004692536766235e-01
-2.410546589406359e-01 4.005343396947930e+00
-1.073828934612255e-01 1.777794740962847e+00
-2.102589833196077e+00 -2.823943359960434e+00
-1.765228057506391e+00 8.609721643375799e+00

-2.069078327206236e+00 -4.105683793128194e-01
1.813768986634844e-01 -5.001042985825917e-02
8.054670805947950e-01 1.166922987092778e+01
-2.335776734107942e-02 2.024606869034529e+00
1.866849912107078e+00 9.347399081370269e-01

4.485483979629308e-01 -7.549756881746474e+00
3.998124908996187e-01 -1.560158605588305e+00
-1.028612877634966e+00 1.775832043412611e+00
-3.825583150684804e-01 4.844262229824324e+00
-2.098035770235666e+00 1.770344681520823e+00

3.489661131286393e+00 -3.545529130063754e+00
1.361370050814116e+00 2.635754436541510e+00
-9.014437757354523e-01 1.335893468686352e+01
-1.359086690689515e+00 -2.327258457723880e+00
-4.210924307718593e-01 7.026395586659866e+00

1.624010320776480e+00 -7.646236306005038e+00
2.496989801063258e+00 -2.547319879597090e+00
1.891413714039627e+00 1.077185131513800e+01
-5.215372190482175e-01 3.459367998384910e+00
2.869532010291208e+00 -6.813358414222451e-01

3.625043552214153e-01 -5.704607343064438e+00
1.490492456931703e+00 -5.779453276629881e+00
5.544183627623744e+00 -5.610785874852908e-01
6.816525116234571e-01 -8.845133877478945e-01
2.392849689248145e+00 -1.106541308514806e+01

1.387761743417299e+00 9.090753059797356e+00
6.313036569704757e+00 1.149191887935130e+01
7.323247377568498e+00 1.179519195544163e+01
7.581159352190357e+00 1.574942611828862e+01
1.361317017781194e+01 2.167480675954780e+01

-8.350635373813025e-01 7.647308757517142e+00
-7.272306121280425e-01 3.958391709931218e+00
-4.723021459479009e-01 1.181742215436909e+01
-5.755288825501070e-01 1.613627697043981e+01
7.164013235192876e-01 5.470556868390930e+00

3.623549224816223e-01 -7.923628711305491e+00
1.796186782158702e+00 -6.249392259783940e+00
-9.814823856608514e-01 -1.346050329566516e+01
1.300399926261525e+00 -1.060807351626823e+01
2.878400631360110e+00 -1.123205577162675e+01

-4.568145336613568e+00 -1.828998871845096e+00
-3.848188364997748e+00 3.243193642966412e+00
-8.634101974490930e+00 -4.359293587272192e+00
-1.019756290834090e+00 1.575545146046799e+00
-6.345767058543992e+00 9.532687630944110e+00

1.241185654520919e+00 -6.079613490751421e+00
1.352049377910744e+00 -2.863771460596583e+00
7.413023544866604e-01 -2.321541691222587e+00
1.031091806317527e+00 -4.112430450857192e+00
1.093915720417989e+00 -3.339737279252882e+00

