243                                              

-3.202048182960873e-01 1.030910299647361e+01
1.567372721050037e+01 2.756175582550359e+00
-2.532136357807458e+00 1.721464162648174e+01
2.328808121569540e+00 1.214625916960884e+01
6.188954798092110e+00 1.163914356787921e+01

-1.286866499605992e-01 -8.747357894076661e+00
-1.396376583600440e+01 -1.513624550668124e+00
-3.364202339847152e+00 1.001584715347421e+01
-5.253518299863522e-01 3.115463833159611e+00
-4.033186303380755e+00 -1.684238636698399e+00

1.160534248681560e+00 5.542997221221871e-01
1.088923329769955e+00 -1.631430523883766e+00
4.278058806416494e+00 4.140150053155588e+00
4.030388966857477e+00 1.387877669897747e+00
3.499911759619757e+00 -7.511317735418189e+00

-5.970399276991486e-01 2.749829120304534e-01
3.082058749808203e-01 9.728999847016518e-01
7.329414690689329e-02 3.482832727165881e+00
-1.250623367372865e+00 1.194378495910737e+01
4.365800602782546e-01 2.672229326711224e+00

-5.697932068358229e-01 6.278262543119656e+00
9.610521698085837e+00 1.864038381552808e+00
1.181302435867546e+01 -3.455808900010909e+00
6.148533674303479e+00 2.071498070378583e+01
1.031232234408578e+01 8.627888456509744e+00

-6.476857091205108e-03 7.167877050747247e-02
9.348127632082454e-02 1.941028916276291e-02
2.604819901886151e-01 1.181438217208877e+01
4.147675960334970e-01 2.658020053256609e+00
1.065885921047524e+00 1.408677360422784e+00

2.051889803616325e-02 -9.704865302866720e+00
-1.473193403447733e+01 -2.109538359016797e+00
-6.922186436518427e+00 4.374880583704442e+00
-3.350757583078283e+00 -7.483845960725247e+00
-5.944633318565270e+00 -8.664836160391229e+00

-3.015798776124619e+00 -2.555225076280689e+00
-4.597332634032347e+00 4.018191119749919e+00
1.882137484652134e+00 1.781917282761271e+01
-6.296075288447749e+00 4.463072477379122e+00
-8.064683001243782e+00 1.466942877540484e+01

1.526961340870808e+00 8.653360649833242e+00
1.442922295506874e+01 -2.117542044933352e+00
2.086702304312726e+00 1.020280162282116e+01
5.626075851001704e+00 8.333071391845873e+00
3.750422258163749e+00 -1.036432195467054e+00

-6.601859214573251e+00 6.974755545793029e+00
9.126012174946336e+00 1.135938488311931e+01
1.024726984106501e+01 1.569907811024749e+01
7.203206994495229e+00 1.862677368379516e+01
1.938803908215692e+01 2.854991393218762e+01

-5.811861360895469e+00 -7.483601153940391e+00
-1.222244444682679e+01 4.775539442518773e+00
-5.006228114985307e+00 2.038902066385642e+00
-9.305956710551019e+00 3.011081058838023e+00
-7.355228177795293e+00 4.129695335387084e+00

1.051978518854877e+00 5.697553932516528e-01
1.072472596360324e+00 -1.493404181288137e+00
1.938642766929824e+00 -8.884641878180001e-01
3.618122794505787e+00 6.461280971148457e+00
4.402404159603750e+00 -5.099246471703728e+00

-2.124240421463463e-01 4.470777182401418e-02
2.185952278501700e-02 3.311868475849498e-01
-1.479660508545457e-01 1.110214246083214e+01
-1.209797490961051e+00 1.031668045749696e+01
6.839807694411398e-02 1.591789215088086e+00

-1.641407412592852e-17 -2.103552265293559e-18
-9.043526357224462e-18 2.677267558075664e-17
-4.972496995721770e-18 6.844777545581969e-18
-9.880366914965228e-18 6.713050563665433e-18
-1.852428021539719e-18 1.325275426820440e-17

2.124240421463454e-01 -4.470777182401389e-02
-2.185952278501667e-02 -3.311868475849484e-01
1.479660508545462e-01 -1.110214246083214e+01
1.209797490961053e+00 -1.031668045749697e+01
-6.839807694411332e-02 -1.591789215088087e+00

2.756622788677559e+00 7.284894671174411e+00
1.163592940519190e+01 -2.838819354344714e+00
6.989108156311345e+00 2.966160717255556e+00
1.030094554830399e+01 -6.596978526876594e+00
1.379732825376655e+01 6.655061145961373e+00

-1.987942173767777e+00 -7.506629779627940e+00
-1.236014141101699e+01 3.464613632376636e+00
-2.350114235639830e+00 2.000104937986941e+00
-4.418326163250797e+00 3.256071068960251e+00
-3.117823438740637e+00 3.258716023672465e+00

5.970399276991486e-01 -2.749829120304501e-01
-3.082058749808150e-01 -9.728999847016513e-01
-7.329414690688929e-02 -3.482832727165876e+00
1.250623367372867e+00 -1.194378495910737e+01
-4.365800602782487e-01 -2.672229326711219e+00

-2.051889803351381e-02 9.704865302864896e+00
1.473193403447421e+01 2.109538359011871e+00
6.922186436516819e+00 -4.374880583709046e+00
3.350757583079779e+00 7.483845960722163e+00
5.944633318565500e+00 8.664836160386788e+00

-4.885646231312751e+00 -4.503435342256989e+00
-8.126985258455557e+00 4.004816420098148e+00
-9.046701346697875e+00 -4.014007822702078e+00
1.581835125292800e+00 2.555166680737859e+00
-6.364233329693604e+00 1.037698328789959e+01

3.379240175673535e-01 9.421859791037461e+00
1.416577643778586e+01 1.391447484474405e+00
4.514593898036003e+00 -1.298099749807954e+00
5.425899620581723e+00 2.342966605237200e+00
8.465435066022287e+00 -3.860253169066818e+00

-5.541152357526788e-01 -1.235022105191147e+00
-1.954778141617104e+00 5.145367858052891e-01
-2.699687857060277e+00 1.539597462974609e+01
-7.994714001222516e+00 -2.583219258486189e+00
-7.589364641371118e+00 8.223017818559045e+00

-8.170659896788166e-01 -8.579889715651202e+00
-1.329631968137514e+01 -5.497421111330238e-01
-1.819449065558696e+00 -1.048192791074663e+01
2.640874318815425e-01 -6.249254681701233e+00
-2.649268626937963e+00 6.591600632810786e-01

3.202048182952515e-01 -1.030910299647440e+01
-1.567372721050160e+01 -2.756175582549331e+00
2.532136357807346e+00 -1.721464162648287e+01
-2.328808121570464e+00 -1.214625916960946e+01
-6.188954798093365e+00 -1.163914356787951e+01

1.414618194385132e+00 7.950269145990818e-01
1.502658349211571e+00 -1.945074528270607e+00
3.185347835477632e-01 -1.433800918799724e+01
1.264463984475839e-01 -1.077476184924851e+01
4.636598301472344e+00 -9.396040258967691e+00

3.146454758593513e-01 -6.201995348030876e+00
-1.041642128582569e+01 -3.299369489760823e+00
8.219955969827164e-02 -1.208444651883330e+01
-9.993785594452139e-01 5.036160791986947e+00
-5.027553056935328e-01 -3.311444346979508e+00

6.601859214572594e+00 -6.974755545793606e+00
-9.126012174947164e+00 -1.135938488311839e+01
-1.024726984106618e+01 -1.569907811024697e+01
-7.203206994496705e+00 -1.862677368379491e+01
-1.938803908215908e+01 -2.854991393218662e+01

9.518401063403092e+00 8.789086423885689e+00
1.459029353918735e+01 -9.274403140626534e+00
4.203280995026867e+00 5.219699823509040e+00
7.476440755057379e+00 6.208469825684366e-01
4.123917717986908e+00 -6.879636233415312e+00

-4.455622067829008e+00 -1.888465590096697e+00
-3.062954762226329e+00 9.441313754324609e+00
4.426012871909002e-01 1.334926601923816e+01
-1.717179650868187e+00 4.475665991319846e+00
-2.419101481207371e+00 1.240503887220172e+01

6.583264283584700e+00 -1.114226753893202e+01
-1.288979643775703e+01 -1.071801139229485e+01
8.247219650780247e+00 -1.328132169935875e+01
-3.158792362687717e+00 -2.320420334407347e+00
-2.632554512293162e+00 -1.749068500618209e+01

3.074016856781626e+00 -5.279940801391845e+00
-6.306715920526128e+00 -3.762425426766570e+00
1.891601533172293e+00 -8.303990418347121e-01
2.693373121697097e+00 5.367394406750994e+00
4.078366513892580e+00 -4.532476328441549e+00

1.471392660655623e+00 2.534629594083015e+00
5.018661605331972e+00 4.979714348026364e-01
4.869542835305339e+00 -1.724542887718238e+01
1.305702650537716e+01 3.564102394926236e+00
1.110714823313453e+01 -7.905395874941286e+00

7.446971038327874e+00 -8.028115457368211e+00
-8.500253591675227e+00 -1.081111506777327e+01
2.934627046797733e+00 -1.503641606780744e+00
4.697182076867982e+00 -8.614731615353200e+00
2.235046912610028e+00 -1.167352650564171e+01

-1.193425587533190e+00 -4.623289290897747e+00
-6.953066696450604e+00 3.161939278039417e+00
-6.592609345384663e+00 9.432815485140798e+00
-6.513927459960456e+00 -1.243450802476128e+01
-7.887878914005126e+00 -1.782548774728194e+00

-4.871523347648549e+00 -6.923201077168862e+00
-1.210825766028130e+01 9.054222947781852e+00
-2.156685745888488e+00 -4.107381443967949e+00
-4.790996029284555e+00 6.812962335046622e-01
-2.181400537930576e+00 7.434867115454647e+00

5.312934793126889e-02 -8.107784205136692e+00
-1.226646987798249e+01 -1.744504529505641e+00
5.494757190961597e-02 -3.541646336204574e+00
1.000187695896788e+00 -1.387230647658352e+01
-4.430416612561094e-02 -2.613010822858045e+00

-6.660949909937342e+00 -1.112978691943540e+01
-2.038227122965402e+01 1.161487894788771e+01
-5.439156493769100e+00 6.190030759320252e+00
-9.326387081696961e+00 1.377741297651859e+00
-1.085165768464198e+01 1.281772786679194e+01

-4.569165146708368e+00 -4.142291844173598e+00
-7.029146489820086e+00 9.154838599454074e+00
-4.204376095792793e+00 4.141294382362336e+00
-7.456243999625362e+00 7.437128189694579e+00
-5.210915882338514e+00 7.057673869171807e+00

3.751558064495785e+00 -9.952303220777504e+00
-1.239332620532014e+01 -6.618592671834390e+00
-9.281588569599158e+00 -1.032149371257920e-01
-3.165540546036996e+00 1.691080880906024e-01
-4.846598118284186e+00 -1.237258362150208e+01

9.386151225420258e-02 -6.806628424014290e+00
-1.001147300133458e+01 5.786810089300554e-02
-3.772340258141686e-01 1.050902024346338e+01
-1.513088689153817e+00 3.710102668159612e+00
-3.060316881465878e-01 -4.013404041197743e-01

-1.601812733104943e+01 -8.142909530249133e+00
-1.611162045788260e+01 2.940973520161146e+01
-9.405682226115969e+00 1.133389462484242e+01
-1.734527395031723e+01 7.831796598046776e+00
-1.755848211462397e+01 2.212892519621021e+01

3.209515978655050e+00 -8.301365006923001e+00
-1.042035232918412e+01 -5.210721328033135e+00
4.796357681202049e+00 -1.489555935559875e+01
9.226145605645151e-01 -2.267978793124088e+01
-4.132871584840855e+00 -1.206895242420378e+01

9.720168598946312e+00 -3.724502559706168e+00
-1.982487699428527e+00 -1.250074107576204e+01
6.450628470686709e+00 -7.712516441523161e+00
1.247968432328913e+01 -1.683002104550323e+01
9.169964722739017e+00 -1.541849975552563e+01

-3.503805540421073e+00 -2.439475331594596e+00
-3.831751789267596e+00 7.689278667764156e+00
-1.085314500946592e+00 1.982496563149475e+00
-1.820800028542092e+00 -3.265723215736761e+00
-3.105126285987315e+00 6.928163808111438e+00

7.959503279088326e+00 -1.093330818258957e+01
-1.215266618443068e+01 -1.247901490966467e+01
-3.397792527890993e+00 -1.091877733582132e+01
2.436064685744246e+00 -1.204327887706915e+01
-3.824539552747099e-01 -1.350825531845510e+01

3.342380927650682e+00 -7.005269280144914e+00
-8.646953478864733e+00 -4.865117682414422e+00
9.075831532198730e-01 -1.250758071401670e+01
1.020928282163672e+00 4.288477240056812e+00
8.355277371640253e-01 -4.390447280104343e+00

-2.662376564680904e+00 -3.891430016064899e+00
-6.086129518691719e+00 5.904238946813759e+00
-6.506534065831522e+00 -3.378641229683856e+00
2.116417957529670e+00 1.885165098712128e+00
-4.258469041597006e+00 9.645673663150527e+00

8.595032367760325e+00 -4.988970212541539e+00
-4.030675547991425e+00 -1.136170510714026e+01
2.684818869602945e+00 -6.577094187234733e+00
5.133265746250016e+00 -2.480770035588507e+00
6.481715472029669e+00 -1.320063647905990e+01

-1.097567334104679e+01 -5.860453481281125e-02
-7.726479985597852e-01 2.119302983658202e+01
-4.404027421882468e+00 1.275906272550255e+01
-9.986595334297769e+00 1.286729920189499e+01
-8.221128284386495e+00 2.437306357738968e+01

1.454993007348808e+00 -8.743154236272420e-01
-1.850754648235215e-01 2.020110498407922e-02
-4.554119782402895e-01 -1.147446941559075e+01
1.730412773878458e-01 -2.605182357359892e+00
-1.235151382593803e+00 -7.945665867444508e-01

3.799864806452249e+00 -6.290814406929964e+00
-7.463270223347225e+00 -5.209371621082124e+00
4.303008649234918e-01 -1.207650877277783e+01
4.159101464306128e+00 -1.547974973703342e+01
2.401010689210143e+00 -5.130795015881365e+00

-6.603308582487358e+00 -7.287743302247733e+00
-1.314622995542322e+01 1.218078798911829e+01
-7.096065824551481e-01 1.406070627871139e+01
-3.427103501264250e+00 1.677666514105813e+00
-2.457184579524077e+00 9.986540954780100e+00

-3.868389685420160e+00 -3.572828676171990e+00
-5.852393625392409e+00 8.063616085395907e+00
-4.849524596486299e+00 -1.419231151839940e+00
-7.664034173040377e+00 5.167026726751418e+00
-3.752419506165247e+00 9.961942061309227e+00

1.522712794140797e+00 9.775318604122922e-01
1.773842615605867e+00 -2.155143843609082e+00
4.631153610257907e+00 -4.637623834065931e+00
3.529204960378708e+00 -1.305184536291177e+01
7.043086349729890e+00 -6.185835764152126e+00

2.188949960476608e+00 -8.696142482244654e-01
-8.581127406867637e-01 -3.500118674377103e+00
6.451100176828919e+00 -2.124135190722800e-01
7.201694697097524e+00 -5.994983762702475e-01
1.174392947810511e+01 -5.610706815879896e-01

2.323045258720108e+00 7.400073181175153e+00
1.169777000804697e+01 -2.086728067769083e+00
-1.250048745345524e+00 5.863001631232883e+00
-7.553425827586811e+00 7.310194177743481e+00
-2.366027640727403e+00 -4.799449705132301e+00

-3.146454758559066e-01 6.201995348030223e+00
1.041642128582426e+01 3.299369489755493e+00
-8.219955969848414e-02 1.208444651883241e+01
9.993785594462283e-01 -5.036160791988008e+00
5.027553056919589e-01 3.311444346977742e+00

4.094612725077234e+00 5.585155083638245e+00
9.318668592886361e+00 -5.157223318367491e+00
8.131610977821175e+00 3.664709064140633e+00
1.070904155058449e+01 1.944178052265961e+01
1.551345064037239e+01 5.334508022562379e+00

1.979685832753337e+00 1.346279367466502e+00
2.510303976096684e+00 -2.765375343452678e+00
-6.075512419141443e+00 1.330530835858192e+01
-4.233841727612613e+00 1.722488948556333e+00
-9.466340383995542e+00 4.885975983965993e-01

8.170659896774950e-01 8.579889715652287e+00
1.329631968137654e+01 5.497421111349938e-01
1.819449065559851e+00 1.048192791074812e+01
-2.640874318804394e-01 6.249254681699577e+00
2.649268626940083e+00 -6.591600632800200e-01

7.644287261222740e-01 1.075102098199703e+01
1.641207758867793e+01 1.279696666267112e+00
-2.029998262379705e+00 1.874380952683983e+01
6.850845003075984e+00 1.721464995760367e-01
8.992415965103390e+00 1.353771375485660e+01

2.287705534578762e+00 9.158235179631040e+00
1.435228430322749e+01 -1.736450347257227e+00
1.215632235434410e+00 5.138474824272953e+00
1.145024300190933e+01 -2.084313488564146e+00
2.130118934848807e+00 -7.599809196493394e+00

4.885646231313173e+00 4.503435342256613e+00
8.126985258455122e+00 -4.004816420098787e+00
9.046701346698038e+00 4.014007822702108e+00
-1.581835125292394e+00 -2.555166680737474e+00
6.364233329693700e+00 -1.037698328789956e+01

7.274537734976056e-01 1.713983992432520e+00
2.789520371789123e+00 -7.098022289096431e-01
7.785345557538262e+00 6.478079201463865e+00
2.115293705747022e+00 -1.782421751040829e+00
6.857895774927824e+00 -7.558162627658854e+00

2.501297905605006e+00 6.678720465200215e+00
1.059302617946218e+01 -2.494150724953530e+00
-2.010788800252755e+00 2.996472208788540e-01
-8.364429415309116e+00 8.785933371590327e+00
-4.397811635629225e+00 -4.851980539716148e+00

1.987942173770377e+00 7.506629779627816e+00
1.236014141101766e+01 -3.464613632381810e+00
2.350114235642044e+00 -2.000104937986266e+00
4.418326163250815e+00 -3.256071068957219e+00
3.117823438746177e+00 -3.258716023672906e+00

5.371210956282368e-01 9.960479615323498e+00
1.514302542753400e+01 1.731613644896631e+00
-3.479693554451103e+00 1.836082473375858e+01
3.904316053313865e+00 2.345661568914032e+01
7.781048491301966e+00 1.214030676182616e+01

-6.078647808315076e-01 9.116740994879601e+00
1.297964305120357e+01 2.354660575274020e+00
1.816996068922452e+00 3.167234071020220e+00
1.758581631476721e+00 5.892135169712462e+00
3.195283565847624e+00 4.403074708804977e+00

8.397498378920276e-01 9.047247140775259e+00
1.404524190138072e+01 5.688249767998741e-01
3.190631348855284e+00 -1.192247847461513e+01
4.280442228579840e+00 5.046438518176364e+00
4.790044438554308e+00 -1.768673594479573e+00

2.179307660788027e+00 7.314918912361664e+00
1.205812950309046e+01 -3.909837857590036e+00
1.142614075613747e+00 3.815858107564191e-02
1.313213950557333e+00 6.720921165805592e+00
2.481183664604244e+00 -3.163693119367921e+00

1.701298580286823e+00 8.459242170316172e+00
1.308865758377911e+01 -9.825860195330933e-01
2.667222066474711e+00 -3.188552482207009e+00
8.398059644880007e+00 -4.051891353415200e+00
8.663157611235024e-01 -5.400896501715357e+00

5.811861360898019e+00 7.483601153954512e+00
1.222244444684526e+01 -4.775539442519789e+00
5.006228114987781e+00 -2.038902066377722e+00
9.305956710559519e+00 -3.011081058820453e+00
7.355228177799670e+00 -4.129695335375740e+00

1.981283582924532e-01 5.416780849763989e-02
1.181602385406521e-01 -3.003846774695909e-01
3.594658000830564e-01 -9.807172597155230e+00
-5.252079534459511e-01 9.141935850372723e+00
3.430208921938744e-01 -1.131235380650024e-01

3.418838606985942e+00 6.068679365825419e+00
9.914271979818180e+00 -4.078562041841859e+00
-2.900931053622925e+00 -1.401207230153077e+01
-9.424936205408201e+00 6.759868493471564e+00
-5.019612840801781e+00 -5.967567868876974e+00

3.015798776124436e+00 2.555225076280643e+00
4.597332634032228e+00 -4.018191119749642e+00
-1.882137484651786e+00 -1.781917282761290e+01
6.296075288447959e+00 -4.463072477378963e+00
8.064683001244127e+00 -1.466942877540452e+01

5.270709416471524e-01 9.605600901118748e+00
1.454455018213595e+01 1.554178216434150e+00
9.766271893549538e+00 -4.574792118458864e+00
5.385596941713866e+00 -1.255161230900923e+00
7.678198492204993e+00 9.387575948648351e+00

2.879619902829132e+00 -2.600214222690766e+00
-3.319804792286803e+00 -5.034804610964988e+00
-1.013504937218130e+01 -1.259460034626299e+01
-4.393306931996615e+00 3.584492019125980e-01
-1.221886427103465e+01 4.012461438745227e+00

5.697932068359908e-01 -6.278262543119864e+00
-9.610521698086192e+00 -1.864038381553067e+00
-1.181302435867642e+01 3.455808900010434e+00
-6.148533674303644e+00 -2.071498070378683e+01
-1.031232234408633e+01 -8.627888456510403e+00

1.223905926370960e+00 7.878000842772399e+00
1.224518857107722e+01 -3.437204842852384e-01
2.182210536248679e-01 -1.252996644563191e+01
6.347453779351016e+00 -3.567261662000579e+00
1.944840073151539e-01 -2.247781213955554e+00

-2.329524807097677e-01 8.812039467975790e+00
1.358155450771054e+01 2.055599356287058e+00
3.787624885636189e+00 -6.579335444975434e+00
3.389031600237531e+00 1.377567507151519e+01
3.628050649364341e+00 3.808513590534982e+00

1.286866499609993e-01 8.747357894077236e+00
1.396376583600417e+01 1.513624550666275e+00
3.364202339846957e+00 -1.001584715347495e+01
5.253518299857008e-01 -3.115463833158939e+00
4.033186303380777e+00 1.684238636697534e+00

-9.720168598945968e+00 3.724502559706869e+00
1.982487699429572e+00 1.250074107576179e+01
-6.450628470685988e+00 7.712516441523388e+00
-1.247968432328925e+01 1.683002104550462e+01
-9.169964722737168e+00 1.541849975552662e+01

-7.959503279056319e+00 1.093330818259556e+01
1.215266618444920e+01 1.247901490962502e+01
3.397792527872391e+00 1.091877733578806e+01
-2.436064685723350e+00 1.204327887705979e+01
3.824539553008632e-01 1.350825531843562e+01

3.868389685419503e+00 3.572828676171597e+00
5.852393625391558e+00 -8.063616085394870e+00
4.849524596485431e+00 1.419231151839270e+00
7.664034173038313e+00 -5.167026726751229e+00
3.752419506164482e+00 -9.961942061309411e+00

1.097567334102032e+01 5.860453481969818e-02
7.726479985693371e-01 -2.119302983653381e+01
4.404027421881780e+00 -1.275906272551051e+01
9.986595334283106e+00 -1.286729920189963e+01
8.221128284383553e+00 -2.437306357740150e+01

-3.799864806452135e+00 6.290814406936629e+00
7.463270223356676e+00 5.209371621084643e+00
-4.303008649224145e-01 1.207650877277625e+01
-4.159101464302054e+00 1.547974973703708e+01
-2.401010689206049e+00 5.130795015882718e+00

-1.454993007348812e+00 8.743154236272279e-01
1.850754648234989e-01 -2.020110498407683e-02
4.554119782402841e-01 1.147446941559074e+01
-1.730412773878525e-01 2.605182357359880e+00
1.235151382593793e+00 7.945665867444420e-01

-3.342380927650443e+00 7.005269280140902e+00
8.646953478859217e+00 4.865117682412349e+00
-9.075831532206768e-01 1.250758071401618e+01
-1.020928282164201e+00 -4.288477240058694e+00
-8.355277371664891e-01 4.390447280103707e+00

-8.595032367761050e+00 4.988970212538339e+00
4.030675547986871e+00 1.136170510714030e+01
-2.684818869607584e+00 6.577094187229949e+00
-5.133265746259543e+00 2.480770035584492e+00
-6.481715472036218e+00 1.320063647905471e+01

2.662376564680716e+00 3.891430016065743e+00
6.086129518693113e+00 -5.904238946813204e+00
6.506534065831330e+00 3.378641229683875e+00
-2.116417957530501e+00 -1.885165098712422e+00
4.258469041596840e+00 -9.645673663150578e+00

6.603308582486740e+00 7.287743302235384e+00
1.314622995540035e+01 -1.218078798911952e+01
7.096065824549944e-01 -1.406070627870850e+01
3.427103501256378e+00 -1.677666514113606e+00
2.457184579510997e+00 -9.986540954781056e+00

-1.522712794140795e+00 -9.775318604122609e-01
-1.773842615605818e+00 2.155143843609087e+00
-4.631153610257915e+00 4.637623834065922e+00
-3.529204960378729e+00 1.305184536291180e+01
-7.043086349729906e+00 6.185835764152111e+00

3.503805540424966e+00 2.439475331595564e+00
3.831751789270082e+00 -7.689278667770590e+00
1.085314500946609e+00 -1.982496563150445e+00
1.820800028541234e+00 3.265723215735263e+00
3.105126285988107e+00 -6.928163808112416e+00

-3.209515978658223e+00 8.301365006923744e+00
1.042035232918374e+01 5.210721328037681e+00
-4.796357681205126e+00 1.489555935559774e+01
-9.226145605680856e-01 2.267978793124335e+01
4.132871584838982e+00 1.206895242420637e+01

1.601812733104726e+01 8.142909530221303e+00
1.611162045783085e+01 -2.940973520161062e+01
9.405682226097838e+00 -1.133389462485308e+01
1.734527395029821e+01 -7.831796598069734e+00
1.755848211459075e+01 -2.212892519622899e+01

6.660949909997830e+00 1.112978691944089e+01
2.038227122967346e+01 -1.161487894800140e+01
5.439156493763730e+00 -6.190030759348678e+00
9.326387081720821e+00 -1.377741297676251e+00
1.085165768463717e+01 -1.281772786684372e+01

4.569165146708477e+00 4.142291844175281e+00
7.029146489823078e+00 -9.154838599453871e+00
4.204376095792915e+00 -4.141294382361353e+00
7.456243999626002e+00 -7.437128189691884e+00
5.210915882339181e+00 -7.057673869170912e+00

-3.751558064497233e+00 9.952303220779919e+00
1.239332620532272e+01 6.618592671837252e+00
9.281588569602439e+00 1.032149371277185e-01
3.165540546037361e+00 -1.691080880891360e-01
4.846598118285272e+00 1.237258362150500e+01

-3.074016856785202e+00 5.279940801395019e+00
6.306715920529364e+00 3.762425426773027e+00
-1.891601533171096e+00 8.303990418365943e-01
-2.693373121697342e+00 -5.367394406746645e+00
-4.078366513890233e+00 4.532476328445501e+00

1.193425587532992e+00 4.623289290898128e+00
6.953066696451215e+00 -3.161939278038948e+00
6.592609345385448e+00 -9.432815485140559e+00
6.513927459961100e+00 1.243450802476211e+01
7.887878914005801e+00 1.782548774728711e+00

-2.096619982756742e+00 -1.031075677440561e+00
-2.008467656544569e+00 2.981047129872773e+00
-6.314233664343975e+00 -1.747725732776623e+00
-3.338790527750614e+00 1.142287854146353e+01
-4.826230915016801e+00 1.019526261972682e+01

4.871523347660053e+00 6.923201077168435e+00
1.210825766028318e+01 -9.054222947803231e+00
2.156685745895678e+00 4.107381443952960e+00
4.790996029286633e+00 -6.812962335128059e-01
2.181400537934411e+00 -7.434867115466650e+00

-1.471392660655555e+00 -2.534629594082905e+00
-5.018661605331803e+00 -4.979714348027262e-01
-4.869542835305243e+00 1.724542887718228e+01
-1.305702650537689e+01 -3.564102394926243e+00
-1.110714823313440e+01 7.905395874941288e+00

-7.446971038341031e+00 8.028115457370832e+00
8.500253591674234e+00 1.081111506779173e+01
-2.934627046822685e+00 1.503641606801219e+00
-4.697182076883255e+00 8.614731615361904e+00
-2.235046912624719e+00 1.167352650565239e+01

-9.518401063363550e+00 -8.789086423920708e+00
-1.459029353922354e+01 9.274403140568463e+00
-4.203280995030291e+00 -5.219699823551418e+00
-7.476440755051726e+00 -6.208469825977083e-01
-4.123917717998207e+00 6.879636233383057e+00

4.455622067829111e+00 1.888465590095706e+00
3.062954762224649e+00 -9.441313754324973e+00
-4.426012871907563e-01 -1.334926601923947e+01
1.717179650867418e+00 -4.475665991318492e+00
2.419101481208969e+00 -1.240503887220040e+01

-6.583264283571880e+00 1.114226753894097e+01
1.288979643777316e+01 1.071801139228139e+01
-8.247219650772511e+00 1.328132169937757e+01
3.158792362694298e+00 2.320420334408232e+00
2.632554512307067e+00 1.749068500618188e+01

-3.472263752165869e+00 8.591009433477037e+00
1.074336112917285e+01 5.733043574367017e+00
1.486245499591379e+00 -6.472485149371994e+00
-1.175673600507516e+00 -2.968713008712275e+00
1.051445351851914e+00 5.008325657108753e+00

1.793591969327262e+00 1.271630614184512e-01
1.410186546630841e+00 -2.801337170789717e-01
7.087263658177320e-01 -1.612198801443810e-01
1.244492682188937e+00 -1.406417607410917e-01
1.029486113230919e+00 -3.334393061392626e-01

0.116980646845833317644e1 0.900213963470936090992e1
0.135098396897543034552e2 0.818724122588693638443e0
0.106855132377621915444e1 0.111476971909999061248e2
0.283419671904906149288e1 0.106296523340784820760e2
0.271835288386526663829e1 0.103944325575644329785e1

1.161937497771117e+00 -3.362202483620992e-01
5.884818909698675e-01 5.902700963852862e-01
8.334930217779313e-02 1.232894192191001e+01
8.141830005386381e-01 3.110291900478611e+00
9.654934083877420e-01 2.385950102546364e+00

-3.897379061092731e+00 5.845156348074872e+00
1.007126563651772e+01 9.157624085449214e+00
-6.892493390913320e+00 1.113982760545367e+01
-4.590023386599009e+00 2.006579192482703e+01
1.009760819326608e-01 1.303947260183563e+01

1.399318158471970e+00 4.346066952498221e+00
7.615921180011902e+00 8.368916018248329e-01
-1.305077072503663e+00 1.164334654332122e+01
-2.385432659515635e-01 4.358718571109542e+00
-1.638565117678223e+00 1.370447139450097e+00

8.283926628656970e-01 -9.731069199355535e-01
-4.705387453091645e-01 9.588745093865776e-01
-3.037875380812327e-01 1.074232822723802e+01
-7.034790988617616e-01 9.332314568674510e+00
-1.061556152011524e-01 8.334340147822339e-01

4.401517685783938e+00 -6.905982695713988e+00
-8.081414743810605e+00 -6.296781898596929e+00
2.560981314309818e+00 4.648470571111250e+00
3.345756349910519e+00 -1.513838497384718e+01
2.025997944620904e+00 -5.600274855902272e+00

1.197962386683180e+00 1.283517997057398e+01
1.767246903137595e+01 1.788489103086286e+00
2.731259718544308e+00 1.296435691760962e+01
1.205712283369266e+00 -2.148158771542228e-01
5.574535192355300e+00 1.507578586596297e+00

3.307818434969323e+00 -3.635208789744063e+00
-3.816083494810468e+00 -3.510734009827348e+00
4.642200394653344e+00 -4.089485341880005e+00
6.495802443988458e+00 -1.514081906011616e+01
7.247616785058044e+00 -5.057605428397460e+00

6.402979940935470e+00 1.081764667884809e+00
3.733550324253654e+00 -6.720520849655987e+00
3.330891530821078e+00 2.453487410633346e+00
5.601313238755395e+00 -3.050991906246445e+00
2.824920595822805e+00 -8.916388025633557e+00

4.982432460073050e+00 9.066716521010106e+00
1.407245830240348e+01 -3.488513200465352e+00
2.551182824816185e+00 3.906307768282116e-01
3.665461658160454e+00 7.376428555548181e+00
4.899511632935179e+00 -2.200920526609154e+00

6.902535400213914e+00 3.958083890402113e+00
7.770453211277657e+00 -6.813920233954200e+00
2.720431667932189e+00 -1.934472756962726e+00
4.283250937249573e+00 3.835501561241737e+00
5.834604082343052e+00 -6.197445530880074e+00

1.799231451405654e+01 -8.453474786907602e-01
4.127754318369229e+00 -2.269100991271545e+01
6.655320816941240e+00 -1.657894141870825e+01
1.536954811034793e+01 -1.715220924785474e+01
1.214940381673145e+01 -3.155619046219659e+01

5.258586665377255e+00 4.168166803360497e+00
7.743325905161606e+00 -4.560356942005482e+00
7.336497299321657e+00 3.132627958109772e+00
1.118317985832453e+01 -3.237816944011223e+00
5.844308694872646e+00 -9.426257892060917e+00

7.396653441567728e+00 1.189449334135903e+00
4.095499163736120e+00 -8.069618961747816e+00
-9.454620439681003e-01 -1.397229316668154e+01
3.331818084456863e+00 -5.713509286281981e+00
3.057881282001447e+00 -1.257287662351064e+01

1.388259516375989e+00 -1.371298365076108e+00
-9.556006765437843e-01 -4.312817762177346e-03
-6.207451876681480e-02 8.461203948337335e+00
1.111897061373335e+00 -1.079041230473256e+01
-1.659429022440700e-01 -1.630139791892549e+00

4.786023639498479e+00 9.830032430627384e+00
1.497971465505728e+01 -3.111980751211278e+00
4.493784867555343e+00 -3.815511474248876e-01
8.041700230065697e+00 3.042868262048963e-01
6.904052438337811e+00 -1.322641334397724e+00

1.098576809259671e+00 1.498742559122237e+00
3.360712413983012e+00 1.007651405066566e+00
1.444217296612403e+00 -1.110772835667680e+00
3.047125771637457e+00 -8.875633443477051e+00
2.449072304584447e+00 1.287270856172167e+00

4.932866356669545e+00 1.986398851692558e+00
4.681788357077573e+00 -4.509098326976149e+00
1.483526197325329e-01 -1.515399840096901e+01
3.211768932021606e-01 -7.325209615443748e+00
5.379019314840993e+00 -1.025226553165089e+01

1.645772657774433e+00 7.442547824504683e+00
1.186008410077216e+01 4.286687269951042e-01
1.617030424863030e+00 -9.559968374404820e+00
1.063843410024389e+00 9.484700425064982e+00
2.034487603504133e+00 3.179171141794981e-01

6.282532328172919e+00 1.450372748239902e+01
2.104274156219137e+01 -3.923978868868592e+00
7.299941213431597e+00 -3.025062753781004e+00
1.087482586186633e+01 3.184366860470536e+00
1.382158488496981e+01 -7.266087479241775e+00

2.698465459703951e+00 3.519408892192597e-01
1.932714005269401e+00 -1.581970877504378e+00
1.836506584468833e+00 -9.907155350219154e+00
1.472742008296966e+00 9.150165695821146e+00
2.353573345511020e+00 -1.546925131051001e-01

1.238161777229330e+01 1.184959422565894e+01
1.914836407420891e+01 -1.222723659755625e+01
1.778753334519902e+00 -1.567494627477473e+01
8.285148234129924e+00 1.846607401783080e-01
6.515746690705730e+00 -9.587530483431069e+00

3.754592628412889e+00 1.653878419711775e+00
4.002876350932435e+00 -2.869557670927176e+00
-2.129598368541519e+00 -1.199679104804033e+01
-3.676118642579185e-01 -9.446202717580456e-01
-3.992601447757357e+00 -6.483011114120505e-01

-1.094506655193603e-01 -2.734932639973685e+00
-3.490434210734450e+00 2.041790600399115e+00
-2.831926698728425e+00 1.546959796478871e+01
-8.998385702790376e+00 -1.981302694798339e+00
-7.230616912548950e+00 8.050473259645237e+00

1.226481962219149e+00 6.527476170499038e+00
1.070184577430187e+01 1.051739878435034e+00
7.934816757485992e-01 -9.839159550532544e+00
2.772368488320529e+00 -4.337250174750643e+00
1.042383929267456e+00 1.244846207022699e+00

2.628408500340456e+00 -2.360292502587513e-02
1.357920050710124e+00 -1.560463479901645e+00
9.243711798443330e-01 -1.117237753158194e+01
3.532062125466560e+00 -1.037771685302192e+01
1.762040357613413e+00 -1.633265096873595e+00

2.015303326631222e-01 -6.881292885517446e+00
-1.141224299707100e+01 -2.984261927046160e+00
-7.112273088562934e-01 -2.914555751078725e+00
-7.003525883770122e-01 -4.917508131069027e+00
-1.305139848396563e+00 -4.230401287153282e+00

-5.292516384882795e-02 8.596648974619121e+00
1.280586807985333e+01 1.660718251164884e+00
3.695717982033244e-01 1.127986582691925e+01
1.101619069218298e+00 1.246214591754669e+01
1.645328049540374e+00 2.103713414225379e+00

6.411509976496699e+00 -6.204328067083297e+00
-1.071581126298085e+01 -1.355574252028104e+01
9.333189890786704e+00 -6.884602578046962e+00
-2.508376997740529e+00 -2.861546936286152e+00
1.311364299179474e+00 -1.629042657688872e+01

4.724283803442758e+00 -3.949256761843117e+00
-6.835951322193760e+00 -1.056640509640373e+01
2.072956076543657e-01 -5.540813428113191e+00
2.314431376756199e+00 -1.417119462756822e+00
3.455261227882125e+00 -1.200175694029830e+01

8.326467983260688e-02 5.591877092371556e+00
8.090899521266053e+00 -9.556867618768257e-01
-1.269724935352300e+00 1.071783536802285e+01
-4.970249543579821e-01 4.465521613640337e+00
-1.469379045837504e+00 -3.546323713330590e-02

2.724104722436928e+00 1.255074592922420e+00
1.667025565705703e+00 -6.625022577721848e+00
1.607071629999441e+00 3.079466025066141e+00
3.546008650892299e+00 -1.739922956494398e+00
1.566649924486327e+00 -8.192028348272526e+00

1.601918243014214e+00 -5.464591934171992e+00
-9.365341909493457e+00 -5.388875487665059e+00
3.793802562825351e-01 5.057192073519345e+00
1.371534866357671e+00 -1.438438330753022e+01
1.781820119630576e-01 -5.126361055842746e+00

-1.214201950699302e-01 8.370656281896361e+00
1.255465528049244e+01 1.681253493162904e+00
2.257221641858855e-01 1.174354052449917e+01
1.262351752015573e+00 -4.108160744057060e+00
9.473017546540126e-01 1.975563055105152e+00

5.758304233832039e+00 -2.789550508005408e+00
-4.780714537802146e+00 -1.226207725710360e+01
4.972621356167539e+00 -6.773022668020912e+00
8.150007602904109e+00 -1.519116146803569e+01
5.893326206140740e+00 -1.426057921354316e+01

4.317819972842353e+00 -5.000367723193061e+00
-8.646048957663224e+00 -9.914195623782962e+00
1.961803458881140e+00 3.935961992269591e-01
3.120791652464492e+00 -6.173477721096020e+00
1.570049179940768e+00 -1.035789640805553e+01

5.876698670860447e-01 7.128947800700578e+00
1.096775333203025e+01 -1.040554626714493e+00
8.690799820259887e-01 -1.025949399643011e+01
1.781739445120079e-01 8.404715701401834e+00
1.046776265395259e+00 -6.799111585599824e-01

2.670538621865801e-01 -8.461454927835311e+00
-1.391567592406900e+01 -2.540593859307140e+00
-3.398324107618327e+00 9.497467461641548e+00
-7.125089104922778e-01 3.452869293872027e+00
-3.882938413441800e+00 -2.257768400494268e+00

9.304941621177779e-01 -5.157992812241485e+00
-8.847833419885280e+00 -4.319974449855584e+00
3.456249319488514e-01 -8.758987813173548e-01
3.950017350190890e-02 4.940504241183627e+00
1.156421200116944e+00 -5.145361270693687e+00

-3.274218036737570e+00 -1.826377755876024e+01
-2.489514450816555e+01 -7.927724804462408e-01
-8.279990309112270e+00 -3.628906007195635e+00
-1.032443423929602e+01 -1.124061070875544e+01
-1.480667740437652e+01 -5.279464500883722e+00

-1.482654706116084e+00 8.904586480787335e+00
1.216562070326064e+01 3.273458836266776e+00
1.160756680014767e+00 3.585852966624780e+00
8.022617176800075e-01 6.214227452210211e+00
2.168901710141472e+00 5.067416228555721e+00

-9.009611482157356e-01 1.025216918988608e+00
5.370614640891515e-01 -8.317759032976151e-01
1.840805160913968e-01 -1.852657843246834e+00
7.813335569001744e-01 -9.802826066496925e+00
1.495132947079776e-01 1.914379932578113e-02

-2.049893628325019e-01 8.221285088012058e+00
1.243183934234625e+01 1.899378390772233e+00
4.579860000651416e-01 2.441113510515820e-01
1.324026365493678e+00 -4.144078371570576e+00
5.472656814861948e-01 2.788079624315670e+00

1.112351629323870e+00 -4.004411709275262e+00
-7.037136892712692e+00 -4.603333448220197e+00
2.894605040719287e+00 -5.397688479383469e+00
3.430357575053756e+00 -1.557236615688577e+01
3.543628972417056e+00 -6.094424171496643e+00

-3.560161185260485e+00 -1.120818814784676e+01
-2.000751401087961e+01 5.641366110110862e+00
-6.569983932094686e+00 -1.074469609324954e+01
5.776692820912770e-01 6.870234231821803e-01
-7.950439257297121e+00 3.657668981249299e+00

-5.312934793277790e-02 8.107784205137030e+00
1.226646987798300e+01 1.744504529508339e+00
-5.494757190943611e-02 3.541646336206337e+00
-1.000187695896484e+00 1.387230647658635e+01
4.430416612583188e-02 2.613010822860876e+00

6.385965389404090e+00 -6.342867963542538e+00
-1.095968686535272e+01 -1.352072601489243e+01
-6.673300452730864e+00 -9.218431815908211e+00
-1.446956424293853e+00 -3.596021515254861e+00
7.765232848045702e-01 -1.579346691583250e+01

5.729619250654253e+00 -5.223528177578857e+00
-9.003295374944791e+00 -1.236438654225441e+01
-1.208382235421593e+00 -1.289357178993215e+01
2.387319461891013e+00 -9.472726368796202e+00
1.754859887104379e+00 -1.206700281771406e+01

2.453160535277545e+00 3.710178250083545e+00
5.725372479886553e+00 -5.594610979962411e+00
-1.178835176897568e+00 -1.315835856605855e+01
-1.307293362870786e+00 -1.307438237828190e+00
-3.473352713644680e+00 -3.106499591385764e+00

2.276241527440207e+00 1.299643022673450e+00
1.649942834410870e+00 -5.884267462146957e+00
6.434268001607117e-01 -1.381104257872858e+01
-4.103918094851267e-01 -7.619528322086445e+00
2.532973636991712e+00 -9.338492132267902e+00

-1.605249997611526e+00 -4.741109483241051e+00
-8.208126800756686e+00 -5.815894374340358e-01
-6.091326343381898e+00 6.513189763346161e+00
-4.436431138553646e+00 -1.434211884033170e+01
-6.326326674191220e+00 -4.682955856397255e+00

1.097082447481453e+00 -5.296324086396705e+00
-9.073443341157084e+00 -4.585625844757085e+00
4.344141546502689e-01 -1.180574564453721e+01
1.972661738274159e+00 -1.481213460442969e+01
6.968027651731195e-01 -4.813626483278078e+00

-9.386151225620365e-02 6.806628424014769e+00
1.001147300133413e+01 -5.786810088951500e-02
3.772340258155720e-01 -1.050902024345980e+01
1.513088689149054e+00 -3.710102668159920e+00
3.060316881483306e-01 4.013404041244771e-01

-2.453160535277626e+00 -3.710178250083076e+00
-5.725372479885781e+00 5.594610979962668e+00
1.178835176898076e+00 1.315835856605876e+01
1.307293362871112e+00 1.307438237828213e+00
3.473352713645673e+00 3.106499591385643e+00

-2.276241527439636e+00 -1.299643022673445e+00
-1.649942834410753e+00 5.884267462146019e+00
-6.434268001607126e-01 1.381104257872854e+01
4.103918094853705e-01 7.619528322087163e+00
-2.532973636991926e+00 9.338492132267893e+00

-1.097082447482369e+00 5.296324086398954e+00
9.073443341160724e+00 4.585625844758429e+00
-4.344141546499722e-01 1.180574564453696e+01
-1.972661738273038e+00 1.481213460443070e+01
-6.968027651713302e-01 4.813626483278146e+00

2.049893628327744e-01 -8.221285088011580e+00
-1.243183934234513e+01 -1.899378390772921e+00
-4.579860000646661e-01 -2.441113510517749e-01
-1.324026365493231e+00 4.144078371570854e+00
-5.472656814852265e-01 -2.788079624316369e+00

1.605249997611304e+00 4.741109483243346e+00
8.208126800759963e+00 5.815894374344628e-01
6.091326343386020e+00 -6.513189763346404e+00
4.436431138557368e+00 1.434211884033388e+01
6.326326674195113e+00 4.682955856398006e+00

-5.729619250652297e+00 5.223528177585529e+00
9.003295374956517e+00 1.236438654225115e+01
1.208382235422372e+00 1.289357178992474e+01
-2.387319461888287e+00 9.472726368798210e+00
-1.754859887097074e+00 1.206700281771691e+01

3.560161185266553e+00 1.120818814783709e+01
2.000751401086166e+01 -5.641366110124105e+00
6.569983932098134e+00 1.074469609323696e+01
-5.776692820950758e-01 -6.870234231744845e-01
7.950439257291032e+00 -3.657668981262440e+00

-6.385965389405460e+00 6.342867963533376e+00
1.095968686533642e+01 1.352072601489469e+01
6.673300452714528e+00 9.218431815916547e+00
1.446956424285867e+00 3.596021515254578e+00
-7.765232848148882e-01 1.579346691582769e+01

2.096619982756725e+00 1.031075677440568e+00
2.008467656544578e+00 -2.981047129872747e+00
6.314233664343986e+00 1.747725732776635e+00
3.338790527750592e+00 -1.142287854146353e+01
4.826230915016814e+00 -1.019526261972682e+01

3.274218036734017e+00 1.826377755891305e+01
2.489514450835390e+01 7.927724804927803e-01
8.279990309201878e+00 3.628906007231517e+00
1.032443423937549e+01 1.124061070887334e+01
1.480667740455221e+01 5.279464500957640e+00

-1.112351629324213e+00 4.004411709272583e+00
7.037136892708444e+00 4.603333448220672e+00
-2.894605040721186e+00 5.397688479383561e+00
-3.430357575054654e+00 1.557236615688532e+01
-3.543628972419542e+00 6.094424171497972e+00

9.009611482157600e-01 -1.025216918988601e+00
-5.370614640891351e-01 8.317759032975773e-01
-1.840805160913668e-01 1.852657843246817e+00
-7.813335569001336e-01 9.802826066496907e+00
-1.495132947079248e-01 -1.914379932581407e-02

3.472263752145429e+00 -8.591009433465764e+00
-1.074336112916698e+01 -5.733043574335042e+00
-1.486245499589493e+00 6.472485149396808e+00
1.175673600497861e+00 2.968713008719551e+00
-1.051445351854410e+00 -5.008325657085274e+00

1.482654706184575e+00 -8.904586480771959e+00
-1.216562070320183e+01 -3.273458836344562e+00
-1.160756679962924e+00 -3.585852966662264e+00
-8.022617176056920e-01 -6.214227452239739e+00
-2.168901710062278e+00 -5.067416228615325e+00

-2.015303326587974e-01 6.881292885517493e+00
1.141224299707001e+01 2.984261927039693e+00
7.112273088575551e-01 2.914555751074842e+00
7.003525883796016e-01 4.917508131065190e+00
1.305139848398195e+00 4.230401287146619e+00

-5.876698670868161e-01 -7.128947800695315e+00
-1.096775333202134e+01 1.040554626718823e+00
-8.690799820159363e-01 1.025949399643203e+01
-1.781739444956982e-01 -8.404715701399940e+00
-1.046776265382206e+00 6.799111585637436e-01

-2.670538622004350e-01 8.461454927835240e+00
1.391567592407740e+01 2.540593859332021e+00
3.398324107625070e+00 -9.497467461628441e+00
7.125089104905447e-01 -3.452869293879439e+00
3.882938413444236e+00 2.257768400510786e+00

-4.724283803442548e+00 3.949256761838823e+00
6.835951322186465e+00 1.056640509640319e+01
-2.072956076634815e-01 5.540813428108312e+00
-2.314431376767229e+00 1.417119462752592e+00
-3.455261227890296e+00 1.200175694029289e+01

-1.601918243016345e+00 5.464591934174253e+00
9.365341909497205e+00 5.388875487668415e+00
-3.793802562810888e-01 -5.057192073516631e+00
-1.371534866356870e+00 1.438438330753305e+01
-1.781820119612955e-01 5.126361055845011e+00

-5.758304233831812e+00 2.789550508006543e+00
4.780714537804125e+00 1.226207725710332e+01
-4.972621356166208e+00 6.773022668020323e+00
-8.150007602905537e+00 1.519116146803786e+01
-5.893326206137388e+00 1.426057921354517e+01

1.214201950679366e-01 -8.370656281896956e+00
-1.255465528049337e+01 -1.681253493162546e+00
-2.257221641864424e-01 -1.174354052449917e+01
-1.262351752017200e+00 4.108160744056667e+00
-9.473017546547000e-01 -1.975563055104864e+00

-8.326467983238217e-02 -5.591877092370265e+00
-8.090899521263815e+00 9.556867618770224e-01
1.269724935353673e+00 -1.071783536802346e+01
4.970249543592855e-01 -4.465521613639623e+00
1.469379045839694e+00 3.546323713268629e-02

-2.724104722437154e+00 -1.255074592922229e+00
-1.667025565705429e+00 6.625022577722262e+00
-1.607071629999202e+00 -3.079466025066190e+00
-3.546008650892122e+00 1.739922956494574e+00
-1.566649924486145e+00 8.192028348272505e+00

-9.304941621196086e-01 5.157992812241100e+00
8.847833419884767e+00 4.319974449858448e+00
-3.456249319488358e-01 8.758987813179897e-01
-3.950017350259377e-02 -4.940504241182590e+00
-1.156421200116785e+00 5.145361270695355e+00

5.292516384845170e-02 -8.596648974623504e+00
-1.280586807985409e+01 -1.660718251165869e+00
-3.695717982036718e-01 -1.127986582692030e+01
-1.101619069221638e+00 -1.246214591754786e+01
-1.645328049542353e+00 -2.103713414226717e+00

-6.411509976494973e+00 6.204328067086037e+00
1.071581126298573e+01 1.355574252027801e+01
-9.333189890784979e+00 6.884602578053669e+00
2.508376997743246e+00 2.861546936286800e+00
-1.311364299175477e+00 1.629042657689100e+01

-4.317819972840946e+00 5.000367723191563e+00
8.646048957660692e+00 9.914195623780531e+00
-1.961803458880919e+00 -3.935961992317107e-01
-3.120791652463689e+00 6.173477721093244e+00
-1.570049179940698e+00 1.035789640805247e+01

-2.879619902829095e+00 2.600214222690567e+00
3.319804792286500e+00 5.034804610964882e+00
1.013504937218090e+01 1.259460034626293e+01
4.393306931996456e+00 -3.584492019125347e-01
1.221886427103430e+01 -4.012461438745015e+00

-1.414618194385130e+00 -7.950269145990849e-01
-1.502658349211575e+00 1.945074528270604e+00
-3.185347835477614e-01 1.433800918799724e+01
-1.264463984475759e-01 1.077476184924851e+01
-4.636598301472342e+00 9.396040258967693e+00

2.329524807099122e-01 -8.812039467975856e+00
-1.358155450771029e+01 -2.055599356286903e+00
-3.787624885635935e+00 6.579335444975517e+00
-3.389031600237326e+00 -1.377567507151502e+01
-3.628050649364097e+00 -3.808513590534852e+00

-1.701298580286871e+00 -8.459242170314695e+00
-1.308865758377751e+01 9.825860195339970e-01
-2.667222066474531e+00 3.188552482205759e+00
-8.398059644877147e+00 4.051891353413756e+00
-8.663157611255863e-01 5.400896501714048e+00

5.541152357526768e-01 1.235022105191153e+00
1.954778141617111e+00 -5.145367858052836e-01
2.699687857060280e+00 -1.539597462974610e+01
7.994714001222530e+00 2.583219258486190e+00
7.589364641371125e+00 -8.223017818559049e+00

-5.270709416484862e-01 -9.605600901116791e+00
-1.454455018213294e+01 -1.554178216433558e+00
-9.766271893546172e+00 4.574792118459659e+00
-5.385596941713201e+00 1.255161230901587e+00
-7.678198492202983e+00 -9.387575948646020e+00

-1.981283582924530e-01 -5.416780849764207e-02
-1.181602385406555e-01 3.003846774695902e-01
-3.594658000830591e-01 9.807172597155224e+00
5.252079534459515e-01 -9.141935850372732e+00
-3.430208921938771e-01 1.131235380649980e-01

-3.379240175679641e-01 -9.421859791035480e+00
-1.416577643778329e+01 -1.391447484471910e+00
-4.514593898034726e+00 1.298099749808752e+00
-5.425899620580864e+00 -2.342966605235462e+00
-8.465435066019818e+00 3.860253169068326e+00

-3.418838606986359e+00 -6.068679365825625e+00
-9.914271979818437e+00 4.078562041842368e+00
2.900931053623647e+00 1.401207230153175e+01
9.424936205410523e+00 -6.759868493471801e+00
5.019612840803239e+00 5.967567868878165e+00

-1.223905926370346e+00 -7.878000842772049e+00
-1.224518857107640e+01 3.437204842844777e-01
-2.182210536255127e-01 1.252996644563122e+01
-6.347453779349539e+00 3.567261661999087e+00
-1.944840073160464e-01 2.247781213954643e+00

-2.756622788676012e+00 -7.284894671175270e+00
-1.163592940519289e+01 2.838819354342282e+00
-6.989108156310359e+00 -2.966160717257249e+00
-1.030094554830382e+01 6.596978526874526e+00
-1.379732825376524e+01 -6.655061145964536e+00

-2.179307660781967e+00 -7.314918912358848e+00
-1.205812950308287e+01 3.909837857579572e+00
-1.142614075605979e+00 -3.815858107719172e-02
-1.313213950539859e+00 -6.720921165809234e+00
-2.481183664591309e+00 3.163693119366742e+00

-8.397498378902428e-01 -9.047247140775088e+00
-1.404524190137979e+01 -5.688249768033291e-01
-3.190631348856159e+00 1.192247847461479e+01
-4.280442228582086e+00 -5.046438518175643e+00
-4.790044438554905e+00 1.768673594478117e+00

6.078647807883923e-01 -9.116740994869138e+00
-1.297964305122265e+01 -2.354660575219040e+00
-1.816996068942280e+00 -3.167234070990427e+00
-1.758581631512040e+00 -5.892135169679456e+00
-3.195283565879348e+00 -4.403074708757847e+00

-2.323045258720097e+00 -7.400073181174990e+00
-1.169777000804656e+01 2.086728067769007e+00
1.250048745347778e+00 -5.863001631233988e+00
7.553425827587573e+00 -7.310194177745933e+00
2.366027640729284e+00 4.799449705131046e+00

-7.274537734975872e-01 -1.713983992432502e+00
-2.789520371789092e+00 7.098022289096181e-01
-7.785345557538241e+00 -6.478079201463894e+00
-2.115293705747031e+00 1.782421751040812e+00
-6.857895774927824e+00 7.558162627658811e+00

-1.051978518854874e+00 -5.697553932516575e-01
-1.072472596360331e+00 1.493404181288132e+00
-1.938642766929825e+00 8.884641878180004e-01
-3.618122794505790e+00 -6.461280971148458e+00
-4.402404159603753e+00 5.099246471703730e+00

-1.979685832753356e+00 -1.346279367466495e+00
-2.510303976096681e+00 2.765375343452706e+00
6.075512419141476e+00 -1.330530835858191e+01
4.233841727612615e+00 -1.722488948556310e+00
9.466340383995570e+00 -4.885975983965665e-01

-7.644287261235103e-01 -1.075102098199975e+01
-1.641207758868246e+01 -1.279696666265731e+00
2.029998262379991e+00 -1.874380952684335e+01
-6.850845003077973e+00 -1.721464995768114e-01
-8.992415965107009e+00 -1.353771375485846e+01

-1.526961340882052e+00 -8.653360649831221e+00
-1.442922295506852e+01 2.117542044957264e+00
-2.086702304321343e+00 -1.020280162280992e+01
-5.626075851022707e+00 -8.333071391817105e+00
-3.750422258169470e+00 1.036432195487518e+00

-2.287705534578970e+00 -9.158235179631706e+00
-1.435228430322833e+01 1.736450347257184e+00
-1.215632235433687e+00 -5.138474824273469e+00
-1.145024300190951e+01 2.084313488565001e+00
-2.130118934848043e+00 7.599809196493229e+00

-2.188949960476568e+00 8.696142482244891e-01
8.581127406868091e-01 3.500118674377048e+00
-6.451100176828867e+00 2.124135190722494e-01
-7.201694697097460e+00 5.994983762702237e-01
-1.174392947810502e+01 5.610706815879265e-01

6.476857091205837e-03 -7.167877050747251e-02
-9.348127632082444e-02 -1.941028916276405e-02
-2.604819901886195e-01 -1.181438217208877e+01
-4.147675960334973e-01 -2.658020053256609e+00
-1.065885921047525e+00 -1.408677360422786e+00

-2.501297905605407e+00 -6.678720465200615e+00
-1.059302617946269e+01 2.494150724954133e+00
2.010788800252743e+00 -2.996472208785403e-01
8.364429415312138e+00 -8.785933371589355e+00
4.397811635630426e+00 4.851980539718446e+00

-4.094612725077618e+00 -5.585155083638416e+00
-9.318668592886715e+00 5.157223318368027e+00
-8.131610977821564e+00 -3.664709064140526e+00
-1.070904155058538e+01 -1.944178052265978e+01
-1.551345064037324e+01 -5.334508022562164e+00

-1.160534248681555e+00 -5.542997221221844e-01
-1.088923329769949e+00 1.631430523883758e+00
-4.278058806416494e+00 -4.140150053155589e+00
-4.030388966857473e+00 -1.387877669897757e+00
-3.499911759619757e+00 7.511317735418185e+00

-5.371210956304227e-01 -9.960479615321020e+00
-1.514302542753031e+01 -1.731613644894047e+00
3.479693554447967e+00 -1.836082473375647e+01
-3.904316053315201e+00 -2.345661568913545e+01
-7.781048491301396e+00 -1.214030676182226e+01

-1.098576809259736e+00 -1.498742559122265e+00
-3.360712413983066e+00 -1.007651405066473e+00
-1.444217296612487e+00 1.110772835667703e+00
-3.047125771637568e+00 8.875633443477088e+00
-2.449072304584595e+00 -1.287270856172102e+00

1.094506655194382e-01 2.734932639973607e+00
3.490434210734347e+00 -2.041790600399262e+00
2.831926698728343e+00 -1.546959796478877e+01
8.998385702790333e+00 1.981302694798117e+00
7.230616912548959e+00 -8.050473259645365e+00

-1.226481962218576e+00 -6.527476170497118e+00
-1.070184577429931e+01 -1.051739878435960e+00
-7.934816757478820e-01 9.839159550530388e+00
-2.772368488318943e+00 4.337250174752830e+00
-1.042383929266448e+00 -1.244846207025076e+00

-3.754592628412721e+00 -1.653878419711357e+00
-4.002876350931804e+00 2.869557670927010e+00
2.129598368542004e+00 1.199679104804012e+01
3.676118642581617e-01 9.446202717579073e-01
3.992601447757872e+00 6.483011114114623e-01

-4.932866356670771e+00 -1.986398851693472e+00
-4.681788357079076e+00 4.509098326977690e+00
-1.483526197324752e-01 1.515399840096919e+01
-3.211768932018608e-01 7.325209615442098e+00
-5.379019314841162e+00 1.025226553165118e+01

-1.645772657769822e+00 -7.442547824506065e+00
-1.186008410077417e+01 -4.286687270006384e-01
-1.617030424868875e+00 9.559968374398707e+00
-1.063843410033312e+00 -9.484700425074003e+00
-2.034487603509741e+00 -3.179171141879923e-01

-6.282532328183343e+00 -1.450372748236434e+01
-2.104274156215100e+01 3.923978868889859e+00
-7.299941213419098e+00 3.025062753791086e+00
-1.087482586185940e+01 -3.184366860444677e+00
-1.382158488494674e+01 7.266087479261437e+00

-2.698465459704651e+00 -3.519408892191809e-01
-1.932714005269427e+00 1.581970877505427e+00
-1.836506584469254e+00 9.907155350219551e+00
-1.472742008297567e+00 -9.150165695820776e+00
-2.353573345511676e+00 1.546925131055897e-01

-1.238161777239306e+01 -1.184959422569581e+01
-1.914836407427972e+01 1.222723659767435e+01
-1.778753334508164e+00 1.567494627480637e+01
-8.285148234194370e+00 -1.846607401606279e-01
-6.515746690737570e+00 9.587530483493659e+00

-2.628408500340479e+00 2.360292502598293e-02
-1.357920050709967e+00 1.560463479901704e+00
-9.243711798443153e-01 1.117237753158200e+01
-3.532062125466577e+00 1.037771685302205e+01
-1.762040357613410e+00 1.633265096873723e+00

-1.388259516375935e+00 1.371298365076162e+00
9.556006765438809e-01 4.312817762107981e-03
6.207451876690973e-02 -8.461203948337282e+00
-1.111897061373238e+00 1.079041230473262e+01
1.659429022441932e-01 1.630139791892604e+00

-4.786023639448017e+00 -9.830032430632523e+00
-1.497971465505439e+01 3.111980751149107e+00
-4.493784867512980e+00 3.815511474137872e-01
-8.041700229972633e+00 -3.042868261992147e-01
-6.904052438273125e+00 1.322641334362408e+00

-7.396653441567929e+00 -1.189449334138648e+00
-4.095499163739897e+00 8.069618961747466e+00
9.454620439704220e-01 1.397229316667851e+01
-3.331818084458541e+00 5.713509286281623e+00
-3.057881281998110e+00 1.257287662351594e+01

-1.793591969327332e+00 -1.271630614183521e-01
-1.410186546630707e+00 2.801337170790963e-01
-7.087263658176945e-01 1.612198801443978e-01
-1.244492682188920e+00 1.406417607411385e-01
-1.029486113230838e+00 3.334393061392771e-01

-1.169806468463533e+00 -9.002139634710831e+00
-1.350983968975639e+01 -8.187241225843138e-01
-1.068551323779487e+00 -1.114769719099901e+01
-2.834196719057974e+00 -1.062965233406883e+01
-2.718352883869704e+00 -1.039443255751246e+00

-6.902535400219341e+00 -3.958083890412641e+00
-7.770453211292848e+00 6.813920233959446e+00
-2.720431667934236e+00 1.934472756962050e+00
-4.283250937249576e+00 -3.835501561240984e+00
-5.834604082346001e+00 6.197445530877125e+00

-1.799231451406541e+01 8.453474786972164e-01
-4.127754318363305e+00 2.269100991272859e+01
-6.655320816966066e+00 1.657894141870735e+01
-1.536954811037688e+01 1.715220924785833e+01
-1.214940381677536e+01 3.155619046219713e+01

-5.258586665377909e+00 -4.168166803360194e+00
-7.743325905161305e+00 4.560356942006415e+00
-7.336497299322123e+00 -3.132627958109384e+00
-1.118317985832472e+01 3.237816944012500e+00
-5.844308694872783e+00 9.426257892061386e+00

-3.307818434970146e+00 3.635208789744965e+00
3.816083494811536e+00 3.510734009828861e+00
-4.642200394653019e+00 4.089485341880562e+00
-6.495802443988385e+00 1.514081906011661e+01
-7.247616785057128e+00 5.057605428398221e+00

-4.401517685782256e+00 6.905982695706592e+00
8.081414743801036e+00 6.296781898591707e+00
-2.560981314312831e+00 -4.648470571118920e+00
-3.345756349913656e+00 1.513838497383980e+01
-2.025997944625010e+00 5.600274855896706e+00

-1.197962386687773e+00 -1.283517997058122e+01
-1.767246903138579e+01 -1.788489103082959e+00
-2.731259718551195e+00 -1.296435691761286e+01
-1.205712283365887e+00 2.148158771478832e-01
-5.574535192365992e+00 -1.507578586594008e+00

-1.161937497771153e+00 3.362202483620612e-01
-5.884818909699332e-01 -5.902700963852393e-01
-8.334930217781533e-02 -1.232894192191001e+01
-8.141830005386798e-01 -3.110291900478629e+00
-9.654934083877900e-01 -2.385950102546371e+00

-6.402979940933727e+00 -1.081764667886253e+00
-3.733550324255254e+00 6.720520849653247e+00
-3.330891530822890e+00 -2.453487410632496e+00
-5.601313238756090e+00 3.050991906246320e+00
-2.824920595823887e+00 8.916388025634255e+00

-4.982432460081165e+00 -9.066716521019545e+00
-1.407245830241635e+01 3.488513200473914e+00
-2.551182824825332e+00 -3.906307768297268e-01
-3.665461658179867e+00 -7.376428555550127e+00
-4.899511632949563e+00 2.200920526604988e+00

3.897379061091569e+00 -5.845156348075012e+00
-1.007126563651792e+01 -9.157624085447194e+00
6.892493390911950e+00 -1.113982760545498e+01
4.590023386597312e+00 -2.006579192482694e+01
-1.009760819339984e-01 -1.303947260183476e+01

-8.283926628656899e-01 9.731069199355478e-01
4.705387453091576e-01 -9.588745093865906e-01
3.037875380812389e-01 -1.074232822723802e+01
7.034790988617701e-01 -9.332314568674521e+00
1.061556152011589e-01 -8.334340147822439e-01

-1.399318158473428e+00 -4.346066952498823e+00
-7.615921180012844e+00 -8.368916018227548e-01
1.305077072503824e+00 -1.164334654331988e+01
2.385432659506026e-01 -4.358718571108537e+00
1.638565117678155e+00 -1.370447139447711e+00

