76                                               

2.936642727001763e+00 -1.486991117019163e+00
-3.352013581295236e-01 9.086225145139342e-01
5.684068512619515e+00 -2.520805012161006e+00
1.754668462340524e+00 2.267715279633534e+00
4.141766884669095e-02 -4.060683227126130e-02
-9.123386914438671e-16 -1.133353838083276e-15

1.022634018364610e+01 -4.472861591728000e+00
6.325364431008119e+00 -1.317864876887436e+00
6.074462413578722e-01 -4.517478497243035e+00
6.278405233341428e+00 7.821245318912638e+00
2.131924314537133e-02 -1.081308153685901e-02
-1.040676757125217e-15 -3.278503518794749e-16

9.748988345396377e+00 1.264096170777144e+00
-1.039436788745255e+00 1.919666859375230e+00
1.275639035461091e+01 1.325423491984928e+00
-1.445888018210285e+00 2.373438174725403e+00
1.631972017098639e-01 -1.204665963230005e-02
-5.560322976562163e-02 -1.082472601113084e-02

-0.167263674836218150356e1 0.149988356583662276258e2
-0.230419264095729548034e0 0.206751418119308673252e1
-0.483067221345011698665e1 0.144616054808906762449e2
0.947922640439183127633e0 0.627701214469378640244e0
0.209035037948881099925e1 -0.202702800624023544247e1
0.198613558942557394064e-1 0.786860212409894217852e-1

-1.011841810429956e+00 7.918883185566830e-01
-1.465818349751984e+00 4.984623594068881e+00
2.203734117035162e+00 1.062014472011753e+00
-2.130343032696921e+00 6.291740062007303e+00
6.533857521604533e-02 -1.094329885395283e-03
7.501875710966397e-04 1.458811469323549e-03

1.009657739910415e+00 1.998200232530417e+00
-3.663812917846615e-01 4.862180809701148e-01
2.405866709735857e+00 2.411562037266032e+00
-3.062174783634893e+00 7.003069795819246e-01
1.260962498416754e-02 2.122577636863128e-02
1.325598616407564e-03 -1.772310165396317e-03

-1.056345849327389e+00 2.442098734318742e+00
4.737153129578096e-01 5.811547814311502e-01
1.257283516671929e+00 3.600725318074958e+00
-2.007551883038093e+00 1.661502957045476e+00
2.177101036404319e-02 6.830602386840669e-03
-9.405028113984636e-05 -1.351427821149886e-03

-2.545801909352078e+00 7.843686947029627e+00
-4.741681220359968e+00 1.564096088434221e+01
-1.440755900516002e+00 5.522210784263239e+00
-1.047058368633370e+00 1.633530454842536e+01
-1.066372007359731e-02 4.771084675659214e-01
2.533182018317356e-03 -3.180679480376342e-04

6.786070751425850e+00 -3.189094110230189e+00
9.135479649739768e-01 6.699803471005573e-01
3.804792527278580e+00 -3.208927577989643e+00
1.284700106383377e+00 5.106680895555320e-01
2.254297523184471e-02 4.301700039968247e-02
6.395348092473522e-04 8.358902008414753e-04

-7.126845732456033e-01 2.095222688257045e+01
3.954492869127967e+00 -7.934448252597246e+00
-1.506773990993124e+01 1.892512525234923e+01
1.882584791933268e+00 6.110169071502617e+00
6.931502696210325e-02 -3.507542178990226e-02
1.266082079918157e-15 2.829420703125325e-15

-1.330275550870382e+01 -4.887531895836061e-02
5.164084602132604e+00 -1.956703048657808e+01
-1.405025507166927e+01 3.038350111784955e+00
8.904688140699493e-01 -2.010701811642123e+01
2.161469944910521e-02 -2.409290590070183e-01
5.785908638534055e-15 -6.634474585145549e-15

2.029753426824445e+00 1.899537239076898e+01
7.160284706831160e+00 2.401327261062205e+00
-1.258679723422815e+00 1.130029603935556e+01
-1.022799788484799e+00 5.493650721996309e+00
-7.223916633670588e-02 3.876188859808288e-02
-9.566145714571548e-04 -8.529200647992855e-04

-6.386778009400459e+00 1.319094990951421e+01
1.514665586492111e+00 -1.565356574010285e+01
-1.355574854381796e+00 2.556505137235673e+01
-1.116977101638065e+01 -1.074545509478854e+01
-7.294334013434323e-02 -7.721516895502392e-02
-1.315863099762678e-15 -3.690835195088917e-15

1.410719183394607e+00 3.228078960775106e+00
2.364746306937381e+00 4.171909925351861e+00
-1.622116693821483e+00 3.181743858459080e+00
2.093941893144632e+00 4.690833375344323e+00
-7.292699749235522e-02 7.190455216340361e-03
9.113107016267847e-04 -2.224684409414563e-03

-1.786987817930022e+00 -6.025605250177395e+00
-1.543762778009107e-01 3.182755470514267e-01
1.284586795905411e+00 -6.419202348672634e+00
8.835042590469480e-01 1.483113707991391e+00
7.148763269471901e-01 1.088584731267535e+00
-5.661170851804313e-02 5.158515624552477e-02

-2.663730630869487e+00 -4.551747162248028e-01
4.976257654827605e-01 5.226171525812038e-01
1.081006578993724e+00 -3.129814599857256e+00
-2.839684648821857e+00 -2.478549131589463e+00
-3.623186362038243e-03 8.190586433410633e-03
-7.567246429674700e-17 3.753293950747609e-17

1.689939888291843e+00 2.028396411952470e+00
1.559010771969834e+00 5.988343590331876e-01
-7.928597349397535e-01 2.531774870411291e+00
-3.201923229500427e-01 -6.622832119709315e-02
-2.731808931677072e-02 1.037124336960714e-02
-9.372278829583564e-05 5.759515338810804e-04

1.390819563307210e+00 4.730973038487415e+00
3.538986185855815e-01 -2.567354109114556e+00
-3.011594850085234e+00 3.625951486326045e+00
-1.095743519349695e+00 7.884829495910716e-01
-1.280365106645026e-02 1.332124607688765e-02
1.725082773942616e-15 6.595054761192826e-17

1.615250512085995e+00 3.383506039449837e+00
-5.543321273480163e-01 9.922993995694254e-01
4.367100092207666e+00 3.354551642797790e+00
6.425779747213245e-01 1.058869264868288e+00
3.542073127424539e-02 1.334237994644235e-02
-2.074189889245584e-04 -1.091529857343039e-03

1.166830413691471e+00 -8.528735186835728e-01
-3.698077907648409e+00 1.013099141374592e+01
-1.025691887108311e+00 -1.205681128075701e+00
-1.588165526984470e+00 9.764370240955476e+00
3.240975402678248e-02 -8.972111888803732e-03
-4.569351616609111e-16 -1.266944402969825e-15

-1.317756228596128e-01 6.935988090690758e-03
4.747492965003689e+00 -3.711018648509689e+00
-1.543428985263311e+01 -1.966576497065424e+00
2.735609010929148e+00 1.129963980700172e+01
-1.123428435878371e-01 -3.018623602409900e-02
1.220569106603789e-03 6.702291335180208e-04

-3.418266272753933e+00 3.539093184372688e+00
-2.465187323214056e+00 6.005637142191225e+00
-2.763291960285273e+00 3.810240919087151e+00
4.755909318617086e-01 5.945246733354548e+00
-1.891145529963902e-01 1.241421277801359e-01
2.761597406137191e-03 5.267393929192917e-03

9.863591582904396e+00 1.091517977666340e+01
3.718411568958138e+00 -2.506868359245856e+00
5.777457903327247e+00 1.136097678236351e+01
4.365811547878648e+00 3.068267574627336e-01
-5.812309185830778e-01 -1.938562407904845e-01
7.741657709061813e-03 -7.749724994160818e-03

3.299497851465178e+00 2.909873947925535e+00
-5.547641773356812e-01 1.221091587291179e+00
7.604180672010552e-01 2.876245981700841e+00
1.044315494672785e+00 1.167695818011095e+00
-2.465335031980664e-02 1.134874152039098e-02
-2.144208721647542e-04 1.063652020611453e-03

7.875562468514355e+00 -6.108724036070456e-01
-1.611200213099751e+00 -4.046727595627910e+00
1.168617741915102e+01 4.337950794336880e-01
-8.126315665592854e-02 -6.648681390101013e+00
2.555233985774225e-01 -1.733510456588090e-01
3.581225092796907e-03 4.029231016328678e-04

3.051007178103495e+00 -3.305896195295795e+00
2.014975853647579e+00 -4.580556856151092e-01
2.467692960097696e+00 -1.498723192026437e+00
-1.451734704370655e+00 -7.621334820048555e-01
-2.882980862147337e-02 5.486768298113662e-03
2.496473137857505e-16 2.454308090969214e-16

2.287754384474646e+00 2.249304148412033e+00
8.048394831529945e-01 4.224860456435679e-01
-7.110097568439206e-01 2.536732024319151e+00
-1.481123753480630e-01 -4.819965888112062e-01
-2.749678774952278e-02 1.021544907330768e-02
2.868956297805931e-16 2.655025129181038e-16

2.548459931802696e-01 -6.945839495213312e-01
8.140031515951784e-02 1.104212323011952e+00
-3.150999401725165e+00 -1.078408837017594e+00
-6.710126092491604e-01 2.841620311526528e+00
-3.709856493893920e-02 -1.083563683851678e-01
6.495450362863289e-03 -1.725114775483522e-04

1.176754827527068e+01 5.456322502363546e-01
2.727469356790408e+00 2.244109244788283e+00
8.720856109679819e+00 6.387238100618060e-01
2.305485514368245e+00 1.571995060570113e+00
-8.530442594911870e-02 5.242405418957011e-02
-1.671581155140472e-02 3.067594934754816e-02

9.826258106464203e-01 -5.115833781731334e-01
1.512605443217313e-02 7.799793646343076e-01
1.513729905457779e+00 -1.737970358300855e+00
-3.188510847984008e+00 5.766669522701171e-01
-1.586959469696903e-02 1.367713815772117e-02
5.937427936253972e-04 -1.035262629065994e-03

4.837516578520249e+00 -4.240442480314007e+00
3.812336291302207e+00 -1.179049552923521e+00
2.061795157077495e+00 -3.298029739579658e+00
1.830842673311659e+00 -2.499202799215419e+00
1.461970585397425e-02 2.213925378523468e-03
9.718911329152874e-04 -4.895317897962740e-04

-1.706646151264035e+00 4.380303915687963e+00
-2.337239053322296e+00 8.352055266902646e+00
2.242012455108547e+00 3.019297609344488e+00
-4.654320544301882e-01 1.122315750556901e+01
-2.166896183800919e-04 -9.843374970937235e-03
1.491199983843324e-16 9.461228884104064e-16

7.012051714118448e+00 -3.658504394488820e+00
2.413975905638552e+00 8.815775804483482e-01
3.298521028119124e+00 -4.234001842431773e+00
3.340715873791334e+00 -1.424492629203023e+00
3.262633654992136e-02 4.328019206062156e-02
9.215987207101401e-16 -3.614323214399455e-16

8.103263070568723e+00 2.986472205909049e+01
-2.699964579963057e+00 -3.482428389233942e+00
4.894773925708213e+00 2.965629213295734e+01
-2.161274813000043e+00 -4.723857494584166e+00
-1.437562868557371e-01 -3.535833253450013e-01
-4.663269520306368e-03 3.114792498461970e-03

6.924925857002210e+00 4.896906556472656e+01
-2.752033977412083e+01 1.737420314909745e+01
6.925253596651041e+00 3.558203537299543e+01
-1.380128086510003e+01 1.737452295679001e+01
2.697627800919995e+00 9.191188334014248e-01
-6.249325710752669e-03 -8.807772225626694e-05

1.367478538660905e+00 3.984893181144901e+00
2.979634681092263e+00 2.179594353312530e+00
-5.205658008744640e-02 5.330492087880895e+00
-5.227329453122409e-02 1.549586807167158e+00
-7.415049548560866e-02 -2.281007421524263e-02
-3.327170289134839e-03 2.837600546237975e-03

-4.425350743255357e+00 7.104265624217767e-01
-7.447568496367132e-01 1.045553531982016e+01
-3.131687806990436e+00 3.937548473003042e-01
-3.474087632573990e+00 1.030543755102747e+01
-9.716304911250501e-03 1.492335518928557e-03
3.240715187498933e-16 -7.262469842271499e-16

-1.885741194225235e+00 3.421298059925451e+00
-1.284716923201737e+00 2.583292950205637e+00
-1.674691656411501e+00 4.321372970568214e+00
1.840868886113894e+00 2.522517017155675e+00
-2.097329561399943e-01 1.442768870477517e-01
3.129208020597189e-03 7.628093865130235e-03

1.807713625337135e+00 2.566342652157657e+00
-5.279717551071540e+00 -4.616532817181873e-02
1.247777463342381e+00 3.835780730394551e+00
-2.063077150727514e+00 1.748119017796325e-01
-7.435885544568770e-02 7.412803167577844e-02
2.127945598566059e-03 3.739064162449043e-04

-4.771949636202400e+00 -2.248207940381531e+01
2.925620173477592e+01 -2.420688057273891e+01
-1.915846040085114e+01 1.125011963052934e+01
-4.588797093999052e+00 -3.854544347173591e+01
-3.010127878910575e-02 -1.117876806498558e-01
-1.330190172737541e-03 -5.431776374464501e-04

-1.808119926956982e+01 -2.768907198744536e+01
-1.531126436077506e+01 -2.836425860322840e+01
3.692831774528786e+00 -7.534319332402271e+00
-3.556934616012827e+01 -6.701289011949127e+00
-1.646887940988270e-01 -9.528933775777562e-02
-3.133564556945650e-15 -3.175480025271454e-16

3.038121696603310e+00 -5.227491104599369e-01
4.827875096311026e+00 -1.602236261383075e+00
1.769033074328730e+00 7.614147569406812e+00
-3.833529501137445e+00 -2.794472795407215e+00
-2.778539621253415e-03 1.560627296307988e-02
9.571252606914666e-04 5.282001754401229e-04

2.492404390200520e+00 -1.774313392980919e+00
4.392311092774914e-01 1.019707133601560e+00
5.512959854476229e+00 -2.225596810667590e+00
1.623993791486154e+00 2.170255351991871e+00
3.836226578988392e-02 -2.973778911411329e-02
-1.137659624422422e-03 1.035342542556248e-04

-3.816213166267302e+00 9.121882684242090e-01
7.842968995630901e-01 -1.016355133614789e+01
-2.760419072492148e+00 -6.985775733039412e-01
4.062853124977483e+00 -9.644836101384335e+00
-2.773535845106506e-02 2.097442298345751e-03
1.005721140565837e-15 1.074802451295501e-15

6.680425085493813e+00 2.738951116356585e+01
-3.525627161937156e+00 1.171052366642953e+00
6.731837129402312e+00 2.853268625441036e+01
-6.735695900685513e+00 1.189361310391094e+00
-5.500608049280347e-01 1.036738473672359e+00
6.312555677566388e-15 -2.567290498158038e-15

-1.534687706976459e-01 -1.330461102213537e+00
-8.801992828741519e-01 9.404063708662265e-01
5.775413260333075e+00 1.167889420487001e-01
-2.537559680755737e+00 6.117659787082980e+00
-2.715124021589921e-03 -2.029168026468442e-02
-8.784162089240469e-04 -1.025799055002570e-03

1.945710002409119e+00 -2.087750356577717e+00
-3.260196091447454e-02 -7.821593816964965e-01
4.562055880270070e+00 -2.082592730831866e+00
1.435337190358406e+00 -7.913519513258349e-01
2.970003222941603e-02 -5.500486616772933e-02
1.358554589473019e-03 -9.864072469000038e-04

6.431419428749104e+00 -3.313346330323381e+00
3.386754899283136e+00 2.431447739309557e+00
3.667974103218421e+00 -3.290127268301432e+00
2.217600928631136e+00 2.376566508934107e+00
-1.620601813527229e-02 5.428969051984005e-02
-1.391728049046848e-03 -6.170759716986720e-04

6.708831490863134e+00 2.896256775944020e+01
-7.332785308174214e+00 5.681931334304782e+00
9.406570281283882e+00 3.000402844481882e+01
-9.464457333395002e+00 6.999952519741710e+00
-6.541021827185434e-01 7.911358404429250e-01
1.926164435222382e-03 -1.536557036882081e-03

-4.061344481277952e+00 3.018099029363934e+00
3.877396114660148e-01 9.474921973571760e+00
-4.476939716207032e+00 -2.081500151767562e+00
-5.525099649696296e+00 9.833357071519929e+00
-2.988412965069751e-03 -1.698301792882311e-03
3.187204817506334e-16 2.794156080003611e-17

-9.645791864542862e-03 -5.849869034323082e-03
-1.510375436421643e-01 -1.107448979210355e-01
2.174652607446639e+00 -5.062834576308038e-01
2.024230630881211e+00 3.917661484571195e-01
2.182589424025329e-02 -2.478924040535481e-02
-2.380329241066300e-03 -1.844277655981231e-02

-1.163267074086095e+00 1.191535734745364e+01
3.703940857600007e+00 1.137325934916747e+01
2.480780765502151e+00 1.564666523667602e+00
-7.029494967336294e+00 7.859155091234090e+00
-2.743690445066527e-03 6.398684671192856e-04
7.506818343021375e-16 6.256044196043886e-16

4.487874220565040e+00 3.281795585541426e+01
2.993310795912469e-01 -1.253055082128002e+00
7.490385492118825e+00 3.281926612874083e+01
2.682653917043027e-01 -1.126416636326203e+00
-1.033126960094074e-01 -5.201714668570024e-01
4.915405392167891e-04 4.405597664285648e-03

1.613767468404574e+00 7.661084060262387e+00
-2.316391247048252e+00 2.634769354747232e-01
1.337566706614886e-01 6.957457560351073e+00
4.131177396412194e-01 -1.180476619987483e-01
1.704553234666002e-02 4.005738866297316e-02
-2.244285083474581e-02 -1.029334396528717e-02

6.324089199099678e+00 1.332419884586946e+01
-2.306313476172188e+00 7.475241160161470e+00
1.772849173174634e+00 1.201556206296702e+01
-6.401161155120079e-01 3.900682559622392e+00
-2.372102645720613e+00 -6.947035269629831e-01
2.920533925330134e-02 -2.498280993821315e-02

4.513387964518872e+00 3.627061747835427e+01
-7.754567672952880e+00 2.551076075967148e+00
4.503844133664501e+00 3.533074198606944e+01
-4.610798756918460e+00 2.548222808770368e+00
2.114520979065027e+00 -1.701400751096113e+00
7.620009301105770e-15 5.145663702888707e-16

5.804765109902645e+00 3.161076983121678e+01
1.906576124388506e+00 6.067668363954573e+00
2.813018112727970e+00 3.152664332051833e+01
2.437170898532149e+00 5.593322878416795e+00
1.161857695854093e-01 -8.833398115692755e-01
4.812811543508998e-03 3.072774175638311e-03

-0.551663083264992893558e2 0.106073726565760275357e3
-0.851125513305505782408e2 -0.309834609632188834258e2
-0.387652130286792887259e2 0.106773718495134872251e3
-0.858245324459832893485e2 -0.148585468432703194149e2
-0.194972198551851818749e3 -0.513513147639158814783e3
0.136150334743569246051e0 0.958494178403121495431e-1

-0.850823883248639299394478297139e2 -0.452680641743469165182465174181e2
0.418998075612691352757054014843e2 -0.580304729093040439070746314019e2
-0.100504882267812948108077842685e3 -0.434437289869086843280395511664e2
0.400404696423290943044793228264e2 -0.731626326375444957664138129011e2
-0.412046944479144104484704886107e3 -0.624024456347642096364587124607e3
0.270972483020357777320846705532e0 -0.328338208460156369976794242818e-1

4.974814803206487e+00 -2.607779901297001e+00
-4.064333030799384e+00 1.047515356709185e+00
8.586906263387021e+00 -2.811353818931245e+00
-4.425880611079246e+00 -9.863182229069966e-01
1.675162560756359e-01 -1.842087348362194e-01
2.631902294921545e-03 4.749677443034626e-03

2.419580709160898e+00 -2.460235512343433e+00
-1.187887478987824e+00 6.377183730950283e-01
4.902281241066186e+00 -2.518565252513170e+00
4.994081904537474e-01 7.235452258322482e-01
4.005060459192118e-02 -3.304556346604813e-02
-3.064580507983278e-04 1.281427127585069e-03

-1.610375525600626e+00 -2.861028854084176e+00
6.868963276756331e-01 1.905220425426200e+00
2.251923626538658e+00 -3.475630998741473e+00
1.623923799571511e+00 4.438526452633741e+00
4.811479365870572e-02 4.684292974738173e-01
-1.578378970819513e-02 -2.333348406250018e-03

5.199856552068233e+00 2.394088775824685e+00
-2.143280943983000e-01 2.858337172430349e+00
-9.885915220622962e-01 -1.247577420694430e+00
3.773451429062632e+00 -2.792993857254080e+00
-9.763830397858119e-03 1.628296616785788e-02
-1.089920587943328e-15 -1.270064018991322e-15

-2.124286169194046e+00 6.118890472630078e+00
-9.220576396061095e-01 -3.609136785892572e+00
4.340693444880140e+00 6.268874093341227e+00
-1.091358815997016e+00 2.118177524693200e+00
1.122683755407616e-02 1.499524957430680e-02
-9.627786223211062e-16 -6.239379821356991e-16

-4.917190558899996e-01 2.072348511830824e+00
8.486806738620404e-01 -1.797521940007462e+00
-1.491933767876467e+00 1.288495031568456e+00
-2.098313508870153e+00 -1.531480769110634e+00
-2.440700805718412e-02 5.684245542714439e-03
-9.468834387980962e-04 1.213629796109792e-04

2.749033495441298e+00 -1.966622109725234e+01
3.211243766091034e+01 6.237861395462644e+00
-1.662689386514297e+00 -1.294027443840272e+01
2.491663394317584e+01 2.114206284563931e+00
6.727513865612176e-01 3.210068430394172e+00
5.203600154939881e-03 -1.372517453458183e-04

3.541499946414124e-01 3.499619686192981e+00
-1.828176611897804e+00 4.482335629884217e+00
3.019201421021603e+00 3.336455522187535e+00
-3.248680491906504e+00 4.176218276643228e+00
5.682646415480848e-02 -9.700174115531552e-03
-2.726484078018224e-04 2.662215063556526e-03

2.199074383751303e+00 3.928468933872589e+00
-1.370264835565511e+00 -6.369069019520762e-01
2.641378658684247e+00 3.587448508913737e+00
1.616909668251655e+00 -5.864127672418228e-01
4.792291518001426e-03 1.439975505696190e-02
-1.644577795391376e-03 -2.278493201922720e-04

3.270076052266324e+02 3.739844370889299e+02
3.171491997502776e+02 -2.765062726461320e+02
-3.313616133877165e+02 3.102477970989310e+02
2.534119041919818e+02 3.818561743287385e+02
-1.201675171029603e+01 -1.141286428835166e+01
3.829603237562962e-03 2.856438912948294e-03

-3.256166124033160e+00 8.602867826997990e+00
1.321680441719248e+00 3.098609414897911e+00
4.689344016771502e-02 8.060921787913628e+00
2.465794272968747e-01 1.433575130989139e+00
2.195968722368379e-01 2.027863675212796e-01
-1.149050804253150e-02 6.143566081398800e-03

-5.628104332616690e-01 6.985488570374706e+00
2.246629949781678e+00 -1.071241512514361e+00
-5.625215305700859e-02 7.102874726687107e+00
-7.126912501892523e-01 -1.051148077079914e+00
-3.576818670570924e-02 -4.933693166269862e-02
-4.110611364228151e-03 -7.355182374729123e-03

7.236431777322323e-02 -1.475460237417639e-01
4.438842943804019e-01 -8.309261597429612e-01
-1.590000500683867e+00 -7.014338518041152e-02
-2.055152607032843e+00 -8.824145643869133e-01
-2.542518766265259e-02 2.147034718544708e-02
-1.725241524469196e-03 -3.260875211177876e-03

-3.629321029228858e+00 4.075166490923067e+00
1.123161282846903e+00 8.563419833760772e+00
-3.513714461583794e+00 2.447228116376281e+00
-2.288562828361074e+00 8.508257000634622e+00
1.562741671308423e-02 -5.413466424380645e-02
-1.245358668246824e-03 -4.613717973163152e-04

-6.631504169581255e+00 2.707108953160765e+01
-9.416576429681065e+00 -1.395866777577071e+01
-2.853877845372555e+00 3.013039338444002e+01
-1.312882455580555e+01 -1.084548504240696e+01
-5.409931314358705e-01 9.013146353478870e-01
-2.141093438456877e-03 -2.472936315528800e-03

1.189904763799524e+01 3.500987565031367e+01
-9.969162363441329e+00 8.923083522400939e+00
7.384298980863834e+00 3.406247886447134e+01
-8.734879263065048e+00 5.457704821721853e+00
-1.069733043504179e+00 -9.284759531042234e-01
7.516643874616272e-04 -7.116488892139835e-03

6.446535743019126e-01 3.980788726072251e+00
-6.525873465528229e-01 -4.171170804739788e-01
3.967085426535775e+00 3.713024285797456e+00
-6.719592043902228e-02 1.102599583588754e+00
3.141436796547176e-02 1.403300385635734e-02
1.811014466562098e-15 -8.247148678905635e-16

