206                                              

2.410279422271651e+00 -1.150967730051908e+01
-4.965000221834461e+00 -4.231259633928650e+00
1.460351876748653e+00 -3.011010150802857e+00
-1.074328444155145e-01 -2.420301353027035e+00
7.294797077358618e-01 1.154060206316837e+00
2.234090110883772e+00 -1.376755094646197e+00
-6.222604813764445e-17 6.452304632555942e-17

-2.355317408578763e-01 -1.344877140635993e+01
7.903650576824576e+00 -1.252705414900921e+00
1.450717967661172e+00 -3.264154167800371e+00
5.001772177165748e-01 9.692346408749632e-01
1.968897059975074e+00 1.814271306132381e+00
-3.222183597713072e+00 1.837549280377932e+00
4.312249176671510e-17 -5.787284783805556e-17

5.192479451352003e+00 -8.454003080020275e+00
-3.702089606742698e+00 -1.030224869422340e+01
1.294343982884587e-01 1.164987658539353e+00
6.618863837868152e-01 -1.985591960192939e+00
1.177140673863444e+00 1.033856941651833e+00
1.081989072437286e+00 -2.795420479904571e+00
-1.306684066494085e-02 -7.298089929179344e-03

-2.733528577793508e+00 8.945608552674745e+00
-2.289918821258788e+00 1.710511059983214e+01
2.210270150033612e+00 2.783135031300580e+01
7.590470560880702e+00 1.203181253585240e+00
6.157266223298977e+00 1.658228670733376e+01
-2.842087527439827e+00 5.879062682593380e+00
5.477576170579578e-02 1.389090049721459e-01

1.585437234805138e+00 -6.473682041266708e+00
4.758661367945598e+00 -1.419386343194730e+01
7.793035054811416e+00 4.846639955489405e+00
8.346078119985362e+00 3.169901991316212e+00
5.283259279047962e+00 -1.401220455110946e+00
7.569091952996801e+00 -6.044145857445024e+00
1.585939206823906e-02 -1.543514581931174e-02

1.264147125578398e+01 -4.128482746511995e+01
4.022378867183109e+01 1.147624036304165e+01
1.765487633675068e+01 -4.050284118340832e+01
4.578807991861496e+01 1.805443278065543e+01
1.523336674002536e+01 -4.805678272924126e+01
5.108009819752920e+01 5.667687328349640e+00
-1.013191868705083e-01 3.834047687710958e-03

-8.641856436689226e-01 -9.622089100895399e+00
-8.228770331983535e-01 -1.319313898178106e+01
2.794308914442451e+00 9.809410517092632e-02
-7.499314716865123e+00 -7.699227175190041e+00
1.220187098219825e+01 -6.835744437716422e+00
4.914919924586786e-01 -2.148979182729818e+00
-2.594628359377139e-02 1.001661339653187e-01

2.248961683473191e+00 -5.733830874676571e+00
1.489494931387860e+00 -3.629898070858600e+00
3.960142684241764e+00 8.594520148182896e+00
-1.305925135345307e+00 9.816559261757392e+00
3.520818979080078e+00 1.996966346806742e+00
2.957718765210355e-01 3.730651235339745e+00
3.234482241968406e-03 -5.619269780737130e-03

5.506881672687339e+00 -7.163107620508091e+00
1.721733058069416e+00 7.056379307607995e+00
3.508653142580080e+00 4.490432695787104e+00
2.344603735490636e-01 -8.569114095959018e+00
4.790288617862849e+00 -8.302321869633300e-01
4.403247129529718e-01 -1.306703775274160e+00
-3.380166031864967e-03 1.233188964227888e-02

-2.878101800777937e+00 -8.432627720037985e+00
2.775762349376992e+00 -2.258820847652057e+00
1.986472872091652e+00 -5.594538194384031e+00
3.779272669876387e+00 2.534636272516413e+00
8.639828801656735e-01 1.630601451152308e+00
-1.537738551263192e+00 6.021076414204225e+00
1.516551114786043e-03 1.544251831589264e-02

3.843273494848492e+00 -1.828206785689768e+00
1.277657963446347e+00 4.924420319542975e-01
9.711672889863745e+00 6.239475211428767e-01
7.156926278742508e-01 1.446791788817564e+00
3.710595636502576e+00 -7.737808235955431e+00
2.300308029876739e+00 6.094542305523720e-01
-5.193182650918769e-03 -1.425469516504150e-03

-2.541350012808838e+00 5.688323501208399e+00
-1.390509046926756e-01 -1.240842254077543e+01
-1.475117237155014e+00 3.244981603356804e+00
-1.384530897114299e+00 -8.820392279975358e+00
-2.187648477427375e+00 2.932269686250648e+00
-3.379883248175277e-01 -8.454661542778839e+00
2.968704334803000e-02 -4.039743800379024e-02

8.612757256122395e+00 -7.464356247326696e-01
4.097396461028108e+00 7.668014718741812e+00
5.402589979635602e+00 -4.542512253715956e+00
9.165161566831495e+00 6.275533645233837e-01
5.722031407638283e-01 -3.132418192293018e+00
4.734255473170774e+00 -6.952773821618750e+00
1.694958325659461e-02 3.286828560597743e-02

-5.112744493251698e+00 1.173114403864937e+01
5.791670130568394e+00 -3.447903487746965e+00
-9.539681379471686e+00 5.703990124627654e+00
-1.382464070838843e+00 3.242831172948750e+00
-2.338742445832383e+00 3.795248862143864e+00
-4.972260113115933e+00 -5.846271620491522e+00
7.893331426904654e-03 1.274809220674196e-01

-1.257575945854422e+00 -3.219649979245816e+01
5.032568720200846e+00 -2.626535182997419e+00
1.203613349730838e+01 -6.842699126825750e+00
2.172516822005123e+00 1.246561692720763e+00
2.218969162651523e+01 -2.198430074368501e+01
5.209087532607249e+00 1.671038565342192e+00
2.109620308820867e-03 -4.519791506074858e-03

-6.969823345211315e-01 5.391709590211811e+00
1.676654680004725e+00 -9.830961049894272e+00
7.602491052595917e+00 -8.186644632837585e-01
4.384660367921436e+00 9.706353718455684e+00
3.177761500557777e+00 1.955986298316869e+00
3.834200127383685e+00 -2.162189717273950e-01
1.547722665581165e-03 -6.349958724934976e-03

5.426854584560572e+00 -2.069585812654923e+01
2.034362603437794e+01 1.988389312797003e+00
2.503085330936529e+00 1.680632634813493e+01
-1.334786849468675e+01 9.324574027181325e-01
1.199173284201428e+01 8.780542708229419e+00
-5.768631051568169e+00 9.092020895904099e+00
6.702405516390607e-02 4.430741867235724e-03

3.867466858574057e+00 -6.116321416627667e+00
-1.612656711790868e+00 1.356750715363436e+01
6.555755234889586e+00 5.406645333296249e+00
-6.287084258407040e+00 1.035590561889088e-01
5.482782608173107e+00 -8.248682263505285e-01
-4.215386725747619e+00 7.432796791720055e+00
-8.291628244648890e-03 1.516716132563609e-02

-2.022536279460978e+00 -7.751299328574397e+00
3.145019141344124e+00 -7.455976273067997e+00
-1.004746761522292e+00 1.006473469982367e+01
-1.153425012247036e+00 3.736973010112265e-01
-9.330899803292865e-01 1.075234281978309e+00
1.263762802593378e+00 -3.421572323248680e+00
-6.592785541023648e-06 2.799350990904427e-03

-1.486130493156800e+00 -9.650895983510235e+00
3.858022315363814e+00 -5.765210175870585e+00
1.467724215556204e+00 -3.478470636715986e+00
1.810319139854076e+00 -2.638684586810136e+00
4.349959939898970e-01 1.650349274042870e+00
-8.779152488815236e-01 -1.669857636194137e+00
-1.697732037679114e-03 -1.143335151528681e-03

-5.761692846054394e-01 -8.691272340426202e+00
-1.701679835465634e+00 6.899639553415168e+00
-1.451588688072768e+00 9.180647697139820e+00
-8.840383600728066e-01 1.015511251042828e+01
-6.547727956099701e-01 4.915219650303697e-01
-1.214942466436438e+00 8.552092598338142e+00
1.126592415413819e-17 3.979849018958806e-18

-1.993391838135213e+00 1.663736779832422e+01
5.838090934175628e+00 -1.405862024284692e+01
-1.486004534146976e+01 1.762547728858338e+01
-2.305364549588082e+00 1.110645056713020e+01
-7.624275661084063e+00 1.208207351344501e+01
-7.182731863521776e+00 -6.928580151090172e+00
1.482743734073735e-01 -9.215602122471159e-02

4.628667990847525e+00 -2.989252138580366e+00
2.048123933980601e+00 5.190384157493348e-01
3.507917800031564e+00 -2.522118672023157e+00
1.797049884938792e+00 -1.489192613210445e+00
4.492024608363928e+00 -2.047596754015834e+00
5.965055671909281e-01 -1.198959124047095e-01
4.179535487216696e-03 1.965713432224860e-01

4.235991625727522e+00 -2.026655178442470e+00
9.144359680099317e-01 7.824143034764464e-01
4.342621733417291e+00 -2.283388113729432e+00
1.822753184777031e+00 6.527203180458219e-01
4.146948048149930e+00 -2.255997635013017e+00
1.415469685982998e+00 1.434256560025380e-01
3.477056112699339e-01 4.112138539454624e-02

1.693474800824108e+00 -9.384494345025930e+00
1.506088478858949e+00 6.081363403950617e+00
1.465197776441098e+00 -2.185594799776835e+00
-1.610607051981177e-01 4.661528136006155e+00
1.130560755961286e+00 1.360250939147654e+00
-9.400715121867915e-01 3.909388678100322e+00
-4.855307518591405e-18 -6.403659245801083e-18

1.073954606630596e+00 -9.900676822987071e+00
1.230287209071967e+00 -9.827553106938800e-01
1.513549167468852e+00 -3.685514100656750e+00
4.253750768785078e-01 -2.320952710537406e-01
1.446104520216478e+00 1.254005319867005e+00
-2.606239536889838e-01 3.072391818588692e-01
-4.352662187474791e-04 2.367644564316033e-04

-1.395446218022933e+01 -2.319711376119794e+00
5.804657019351324e+00 -1.897417297512206e+01
-1.535179786655192e+01 -4.740084374998883e-01
4.746467744276437e+00 -1.984940158570491e+01
-9.935300031543479e+00 -2.160870428324317e-01
4.455382044734453e+00 -1.664591523608293e+01
1.293916152624734e-02 -1.757201510076587e-01

1.510340856389951e+01 3.351517932349714e+01
-2.349922632994976e+01 1.625815745976910e+01
1.411521460472467e+01 3.225732775614716e+01
2.234293694811464e+00 9.299715150386383e+00
1.421306180774897e+01 3.293669058986541e+01
-8.823414994828566e+00 6.372580517788577e+00
1.612581459297076e-01 -6.259113180117633e-01

4.697150435010981e+00 7.871737552054984e+00
4.627856951681741e+00 8.971517421242138e+00
6.625149659192694e+00 -4.164476491065319e-01
-1.875532247123249e+00 1.121320143884134e+01
1.367474872671599e+01 1.068098803912360e+01
2.693289463646748e+00 1.617383604929924e+00
-7.317902192113131e-02 3.928188302100389e-02

2.018547372062008e+00 -1.108031060203686e+01
4.083571797070673e+00 3.626567248142349e+00
1.255461724169944e+00 -3.064808368424426e+00
-4.931728637902322e-02 2.997619494584322e+00
1.676154632196218e+00 1.486465734376174e+00
-2.420872967314752e+00 3.083186635306467e+00
-3.844043482229871e-04 1.516457384450677e-03

5.486428703217650e-01 -1.086785840171804e+01
5.019198559616991e-01 -1.535624256361469e+00
8.231634778705297e-01 -3.392658998045691e+00
2.768653153729543e+00 -2.121649282651542e+00
7.281533961595861e-01 3.050530151188384e-01
3.905427553337470e+00 -2.340977380341930e+00
-8.273131512896682e-18 -8.315655159326843e-18

1.032827521546768e+00 -1.101710651231582e+01
-2.278456157514628e+00 -2.385294727203278e+00
1.273263883273602e+00 -3.085633677357911e+00
1.216118936866841e+00 -2.180988666424915e+00
6.816502780318917e-01 8.217751711613698e-01
2.909958791296788e+00 -1.768328087473208e+00
1.842009242101321e-04 6.002428147029816e-04

2.672059423759667e+00 -5.717138219066774e+00
-3.622653071986826e+00 1.473516878840444e+00
1.168746067322412e+00 -5.875154821801479e+00
-4.858571628541386e+00 3.083240687267883e+00
-3.003679579377515e+00 -4.831625951458698e-01
-1.615449267910835e+00 1.164303224325081e+01
-7.993948241855561e-03 3.106981404410770e-02

2.205041823260120e+00 1.181647419421722e+01
-3.097985376021614e+00 7.502792844079371e+00
9.124314680339205e-01 -7.791760989627912e+00
9.789786183964365e+00 1.636498188169879e+00
2.178403563631962e+00 3.630846783052176e+00
2.412801150388860e+00 5.399630064456849e+00
-1.531745494797050e-02 4.090349774449034e-03

5.982749844308525e-01 -7.532953555685088e-01
-3.767823330626476e-01 1.132516483182029e+01
3.658546817114417e+00 3.298198446960977e+00
2.357550498281744e-01 1.418051543527091e+00
3.416037006178652e+00 3.672331001733054e+00
1.071718227601969e+00 1.171290037110957e+00
-1.281854457828838e-02 1.703779466901003e-02

6.144652646611762e+00 -2.744974114188282e+00
-1.132319925143322e-01 2.239124720909148e+00
6.016215052915779e+00 -2.345913187350586e-01
1.907422772284778e+00 9.671239153083189e+00
7.008127330412490e+00 -3.131731026658014e+00
2.032063517361831e+00 2.893254843404114e-01
2.531832093298245e-02 -3.015940277690007e-02

-1.051351538189121e+00 3.137652863128529e+00
-3.255803792796117e-01 1.054902994148189e+01
-9.813974943916776e-01 2.664328902671375e+00
-1.849208482844380e+00 9.508238086628037e+00
1.184099536408411e+00 1.893956763122932e+00
-8.693099403097766e-01 6.987177659249837e-01
-1.410606169860175e-18 1.669783131349204e-18

-2.264343174390790e+00 -9.661427022549827e+00
-1.832067750195151e+00 1.551160524103168e+00
2.273441477529039e+00 -4.948728459404413e+00
-1.820868441370494e+00 -2.459796162557576e+00
-5.407466281899818e-01 1.435067440157737e+00
2.141174461859152e+00 -4.071338744722494e+00
4.694051472544626e-03 -1.092033491961660e-02

1.240828802012744e+00 5.887795904849929e+00
-1.623690724089343e+00 3.221958167523180e+00
-3.168386113741590e+00 3.327619748888751e+00
1.789288195368450e+00 -1.384237992331000e+00
1.345991638131604e+00 9.840607378982010e-01
3.842565068196066e+00 3.953645718061741e+00
1.129078320116823e-02 -9.369476731367611e-02

2.043430524826348e+01 2.326651340204828e+01
-2.333235734983320e+01 2.461666846435839e+01
2.714253885273736e+01 3.154658029068715e+01
-2.193845291000319e+01 2.821433424888184e+01
3.272614460403419e+01 1.764713114330384e+01
-1.847273419425088e+01 2.404290240175677e+01
-1.376581579682080e-01 -1.870075735823176e-02

1.337526362367369e+00 -1.143528455871165e+01
-8.767424621142939e-01 1.948985522515883e+00
3.591274938008335e+00 -1.059334236080813e-01
9.777649673969886e-01 -2.231160580987868e-01
2.093389145388045e+00 -8.039507757174601e-01
1.071575816097462e+00 1.745617027630356e-01
-5.469314820519886e-03 7.014029344665039e-03

2.117506293896976e-02 3.936260075710118e+00
-3.391164536255225e+00 -1.635554941932229e+00
-2.489894961295663e+00 2.289989323993758e+00
2.223692816953895e+00 2.002895758852271e+00
-5.572331243322617e-01 -8.351382809295357e-01
-2.045608962416749e+00 8.989430334731804e+00
-1.016659874330729e-03 -1.564633319005164e-02

9.579207677484052e-01 2.632633046127648e+00
3.364496623958457e-02 -2.465161464686783e+00
6.781302074405501e-01 1.823386489864436e+00
-1.569193584454212e+00 2.074599302103873e+00
-2.132361155217720e-01 1.055061801072612e+00
-3.382966977641173e-01 8.575856394219263e+00
-1.099710811180155e-03 -1.473450907996299e-02

1.244790281167574e-01 -6.900096254339763e+00
-6.979800327704995e-01 7.396244696982571e+00
-2.166904637674198e-01 1.020187723414007e+01
3.502089146653676e-01 -9.032944884706828e-01
3.410224002719638e-01 1.592743524363524e+00
-3.651558775086072e-01 3.254782052095098e+00
-3.255505796626217e-04 -2.587789706759181e-03

-2.127132988932097e+00 4.822113778164717e+00
3.501085680984737e-01 1.006528911795627e+01
-2.833245676180665e+00 1.142008434064814e+01
8.122193627431873e-02 9.694949930046619e+00
-1.830087783384314e+00 1.381563888414653e+00
4.939632145723198e-01 1.025511481270530e+01
4.544166065189886e-18 1.002249899770578e-16

1.908744942390031e+00 -1.743155239934565e+00
-4.130151960881886e+00 -1.396900284511975e+00
-9.647997639968886e-02 -2.696243253567312e+00
-6.433756171807821e+00 6.069573129247190e+00
-1.375738920805587e+00 -1.988055699417254e+00
-3.319306637245226e+00 1.016616704854079e+01
-1.588721150687351e-02 -3.200371405411918e-03

-1.821508088752698e+00 9.252403129966874e+00
-1.596609867022377e+00 -6.338426197487771e+00
-4.279051645429755e+00 4.413695998560158e-01
4.201404636800616e+00 -9.948242079176548e+00
-5.220242527003755e+00 -3.982931405839666e+00
7.174215317061218e+00 -1.155102098555656e+01
4.391602273789330e-18 2.388326327092613e-17

-3.471248569897643e+00 -6.181296439055746e-01
-7.722942033029331e-01 1.149693334195483e+01
1.117059102759384e+00 -6.282159702446931e-01
-7.823805296420507e-01 6.908625669297802e+00
-1.131193758615425e+00 2.539060307893949e+00
2.384895748496593e+00 9.156878530672614e+00
3.545455620472161e-03 7.751123197799868e-02

-2.421588539685705e+01 -2.243435853138996e+01
-2.211941811148953e+01 2.581987458733615e+01
-2.196752560659361e+01 -2.191480163931482e+01
-2.753770131167364e+01 2.341162141420089e+01
-2.279007840586586e+01 -2.636845542790741e+01
-2.763677806210622e+01 3.504834833527444e+01
3.154134708120329e-02 -3.317857898941695e-02

7.045872173585649e+00 -1.618568554325122e-01
2.129474932387976e-01 1.257050019903003e+01
7.453417333998150e+00 6.863457706834684e-01
2.307253699257098e+00 1.078919578300929e+01
1.058145689953747e+01 1.283941335334678e+00
1.673831557091129e+00 1.506366209986227e+00
5.516145337177621e-03 8.622579199388188e-03

5.221974516310242e+00 -1.334663522280182e+01
1.200172385576342e+00 3.055023072210121e+00
1.022995095431892e+01 6.268026504161114e+00
-1.202242861230470e+00 4.827412649066053e-01
7.187523972677454e+00 -3.372310713119831e+00
6.710955073355029e-02 1.698432790708326e+00
-2.025093578241286e-03 4.397781206017610e-03

1.692220384213359e-01 -9.248477485559263e+00
-8.350036027887442e-01 5.368173233450586e+00
1.943276043950226e+00 -3.206580015572372e+00
3.591387019296246e-01 3.184076692318100e+00
1.046162197273965e+00 1.408833760662624e+00
1.900580497371852e+00 2.145557467557901e+00
1.304170200253316e-03 1.109271891264719e-03

7.293708303631208e-02 5.174305075843732e+00
1.123019413847132e+00 -2.359025324592777e+00
-2.576691371300325e+00 3.687122735833760e+00
-1.237897070042536e+00 5.338528184029971e-01
1.926949251492528e-01 2.187476361927026e+00
-2.467372447074897e+00 -3.135938259873883e+00
-1.225704911869568e-02 9.858331677117990e-02

-5.271649083076859e-01 1.085705885617072e+01
-6.687044313876771e-01 -2.608687537751530e-01
-2.073607307651943e+00 1.232405032517544e+01
-8.770565953922824e-01 -5.691267564371512e-01
-7.275477725049196e-01 1.613635031087394e+00
9.286555122415210e-01 -3.088512675370420e-02
-1.309617914014416e-04 -8.139104201095320e-05

3.834959358347821e-01 1.293905963066786e+00
-6.632096274338179e-01 1.090083845660591e+01
-1.049249141142427e+00 2.535559354063676e+00
-1.904863018430708e+00 9.468093379628700e+00
-1.200801894592301e+00 9.378071069137035e-01
-3.071107712807351e-01 9.316540626178829e+00
-3.545455620472225e-03 -7.751123197799872e-02

4.460139332298532e-01 1.115189427547705e+01
-5.733859027468000e-01 -5.562900668362839e-01
3.844424228800150e-01 5.758267637866817e+00
1.585542620069030e-01 -2.803589014660639e-01
1.286302114934753e+00 5.417497050978324e-01
8.157926909455484e-01 1.164009246142852e-01
-3.036534488516387e-04 -1.664167334581673e-03

4.563658016009442e+00 -1.604907970683756e+01
3.369979694267920e+00 1.914867539163821e+00
-1.266425641979902e+01 -1.090220148795246e+01
3.465796870198814e+00 -1.065450943525257e+00
3.247612216972569e+00 -1.537978140040162e+01
3.333866373604033e+00 1.672688674647437e+00
4.130028456989550e-03 -1.273862466577657e-03

-6.592150163602890e+00 1.287971540415577e+01
-8.357014495005716e+00 2.341799878970144e+00
-1.229621104430697e+01 3.845684955620021e+00
2.192577106386472e+00 -5.790381698983254e+00
-1.481555613988392e+00 1.705133958623381e+00
6.108779860824262e+00 7.384369960944889e+00
1.237269658787304e-02 -1.433020033619655e-01

-1.027048266296753e+01 7.942470328531076e+00
-3.685165118072229e+00 -1.439139706915422e+01
-6.996168857677397e+00 7.257459165873836e-01
2.834953696908961e+00 -1.090406045550546e+01
-1.018838940616095e+00 5.256905311044437e+00
-1.747226817464215e+00 -5.614303228476388e+00
-1.041832452491230e-02 -8.027129474470747e-02

1.130103324549919e+00 -1.126882500122354e+01
2.228543029622378e+00 -1.873020695841018e+00
3.161102267908885e+00 -1.144189109976796e+00
1.448633761562114e+00 1.047994091757389e+00
1.907540855106390e+00 -7.581335130494472e-01
1.069519503746090e+00 9.867602142961629e-01
-3.404710994722501e-03 -4.889383309657357e-03

3.136295579732454e+00 -1.224315438809586e+01
5.257879254527040e+00 3.664808004497657e+00
2.405097623438789e+00 1.314897869687304e-02
-4.502466612848677e-01 5.017670103639870e-01
2.215573261410767e+00 -6.428427014169061e-01
-9.226046268551194e-02 5.614376022836474e-01
1.036345394349757e-02 3.263794461011509e-03

1.914397297969309e+01 4.304411143388154e+00
7.331188886111424e-01 3.367168944586640e+00
6.021685188627498e+00 -5.021338739486774e+00
1.311799108675085e+00 4.308686288620696e-01
1.314895829104341e+01 -1.522711699544971e+01
3.585884728920431e+00 8.596157079456059e-01
1.279857291381054e-03 2.878685241320058e-03

3.245182601645241e+00 -1.327341774662252e+00
9.624586528848545e-01 3.093545727936645e-01
4.020923541019138e+00 1.044684553669034e+00
4.965679912464745e-01 4.372448585147628e-01
5.954649731247561e+00 -3.554242054267704e+00
1.367803187848221e+00 8.540192148164957e-01
-4.831073831663634e-03 6.643485874077637e-03

1.503587389328818e-01 1.950180877916121e+01
-1.071478546890379e+01 1.496539231575712e+01
-2.069175421963200e+01 1.839497948146074e+01
-8.641940687067482e-01 -1.590571359766533e+01
-8.242433082493447e+00 1.065248910818149e+01
5.874562546857738e+00 5.835544983488036e+00
-2.002541690661733e-01 9.449382299398229e-02

-8.050463026263437e-01 1.103986685841974e+01
1.014924212052893e+00 4.134349790343340e+00
-6.074948611857354e-01 1.595999967318996e+01
-1.927675653369576e+00 3.844445352182600e+00
1.277291839370549e+00 3.621332811068582e+00
5.254664843771502e+00 5.987088547139250e+00
7.411419290477566e-03 1.764658811995018e-03

-3.949896776139046e+00 -9.586523958214311e+00
5.276125205197213e+00 -8.453005127007151e+00
-5.497027496861953e+00 9.092370201779904e+00
5.713096116766359e-02 -1.150245764093492e+01
-4.356230801753328e+00 2.400167905754658e-02
2.536658934317008e+00 -9.908615070862933e+00
-7.089359970015286e-17 8.933628636083462e-17

1.636612659176729e+01 -1.974449149855808e+00
-7.134723845761159e-02 1.006840672673573e+01
-3.427537283577645e+00 -6.124733169849902e+00
-5.395200108880728e+00 -4.956546396835162e+00
6.698210352169731e+00 -1.459852797235609e+01
4.460992149398554e+00 -1.616101193037047e+00
-2.146621777341198e-02 -7.052755021092094e-02

3.283843625072344e+00 1.921207413256170e+00
6.882194324300949e-01 2.854184809049296e-01
1.170073977634623e+01 1.242289040139510e+00
4.327180812022614e-01 1.806397820161658e+00
4.273237441500179e+00 -8.877821111186991e+00
2.556609943163562e+00 9.427271229005518e-01
-4.197645481971814e-03 -2.344770604009074e-03

-3.407374690239441e+00 9.400667905865129e+00
-3.245863740459417e+00 9.960482463398433e+00
5.666571123205220e-01 1.758741127921897e+01
1.577944345425813e+00 8.509165408845089e+00
5.951564637680314e+00 5.582359029610413e+00
-4.508915969335092e+00 4.509772931601656e+00
-5.397689688000229e-02 -4.069841382565859e-04

8.493454762614907e-01 -8.181525176526772e+00
-5.775862180140655e-02 -8.593882354836095e-03
1.641391001310959e-01 1.134116430249571e+01
-8.587151945447668e-03 6.170417065503345e-03
9.071569800936681e-01 1.816737423826122e+00
-3.230352604253806e-02 -2.071590827604903e-03
7.754937666850783e-05 -1.795923097419737e-05

1.302044719416362e+01 -2.282483282722565e+00
2.924509112631998e+00 -4.924796569575810e+00
-3.429273231073590e+00 -8.093966907581706e+00
9.100130146062721e+00 3.498162705227927e+00
6.789055515477906e+00 -1.414473527129393e+01
2.005249934631403e+00 3.044079951768416e+00
2.674446937496515e-02 7.233446282795784e-02

4.842298051309389e+00 -3.079961981099703e+00
2.391346855387369e+00 1.808385453601081e+00
3.723147323049431e+00 -5.738095648816371e+00
5.849185902631472e+00 1.346662686780800e+00
-5.027142998938776e+00 1.299250223942841e+00
4.157003909973520e-01 -1.110142538789066e+01
2.138928898861840e-02 -1.837315836076465e-02

2.518888983268832e+00 1.576030758789982e+00
5.493719113317672e-01 -1.100271194370467e+01
3.648135657371343e+00 1.967576758304130e+00
-1.558167212448929e-01 -9.288363628715889e+00
1.088966824066704e+01 1.323530459200101e+00
2.073888285419149e-01 1.981513824042398e+00
-1.964950298023902e-03 -5.052415950502162e-03

5.042883078273918e-01 1.916771822122896e+00
4.661645953939960e+00 1.573888942381625e+00
-3.931122870306532e+00 3.269031970288985e+00
-2.595988132527759e+00 -3.169668144047210e+00
-4.779426399631938e+00 -2.125278970185665e+00
4.127700367696683e+00 -1.085367618665026e+01
-2.046436184963018e-03 1.920424091465194e-02

-2.142947176162773e-01 1.357241170606247e+01
7.605456028305903e+00 -3.878525636863149e+00
2.059373503531920e+00 -4.076442902362579e+00
-2.898871281814541e-01 -6.705114162074556e+00
-1.528638948421583e+00 2.270691817830916e+00
2.270159554772477e+00 -4.413258297445521e+00
-1.500242596571658e-02 1.288734570444756e-02

2.881072831551554e-01 1.029913782203836e+01
2.231103164831289e+00 -4.347889466964599e+00
6.281730135869871e+00 -6.807506675835996e+00
1.001301510624064e+01 7.159200333524771e+00
3.007163486021562e+00 1.402724224305445e+00
6.460067577048461e+00 1.391662107493780e+00
6.148411792336373e-18 -2.185853364139787e-18

1.559258016819481e+01 6.894062795481856e+00
-4.010132997967597e-01 2.932901909342505e+00
1.568911754832487e+01 9.899645246571971e+00
-1.004916979437934e+00 3.012420525047091e+00
2.912590088118541e+01 1.210501359854659e+01
-1.180948018540544e+00 5.764930993487681e+00
1.489403164953352e-03 8.244044961486830e-03

8.783676909301179e-01 1.880807470790351e+00
1.501837947485595e-01 1.598786930497846e-01
1.006628487937631e+00 3.897176327575018e+00
1.367552974032708e-01 8.174452709020819e-02
1.549657259668900e+00 2.396137409804185e+00
1.218399358213407e-01 1.425773592159444e-01
-7.332972876740620e-03 -4.021062830174587e-03

1.613269637177351e+00 1.619754966736864e+00
6.273793247649335e-01 2.962275513677519e+00
-9.173633954782145e-01 1.056762764925753e+00
2.038810870233895e+00 -3.139350715403290e+00
-3.475867968920856e+00 1.716563009776589e+00
4.969952183397814e-01 -9.333165109241600e+00
-1.062262953003196e-03 1.561466126419546e-02

7.464295869508509e+00 -9.363830069203848e+00
5.341263189959499e+00 1.153612713925965e+01
1.532007703775570e+00 5.890680393782346e-01
-2.886131792641473e-01 2.428263198647477e+00
2.376968406594437e+00 5.245933802154911e-01
-5.960866965150458e-01 3.148482791619795e+00
1.265783842551054e-02 6.850007111050700e-03

-1.503583610967185e-01 1.606545237080505e+01
-1.164749650793106e+01 2.299304448066664e+00
3.018014330567335e+00 -3.679401488806096e+00
1.164577435669307e+00 6.790641395871967e+00
2.242864420787566e-01 2.539079681367301e+00
-2.654528709754052e+00 4.176168213453768e+00
1.822888701915098e-02 -5.125712691323644e-03

3.302497270424632e+02 -2.426326666736943e+02
2.461285258153205e+02 3.311642233295435e+02
2.846686126348759e+02 -3.627133770884724e+02
3.698729414123869e+02 2.823897519899361e+02
1.472458517695298e+02 -2.847023873416751e+02
2.872900701251665e+02 1.411133247012437e+02
6.423954936023228e-01 9.420978337956901e-01

-1.730389635833189e+01 -1.298316260192808e+01
1.173854285416300e+01 -1.971221098523356e+01
-1.743800464469794e+01 -9.358745942645225e+00
1.536295951344618e+01 -1.957810269886753e+01
-1.472505450415057e+01 -1.101097607386330e+01
1.371072938222795e+01 -2.229105283941511e+01
-3.545455620471864e-03 -7.751123197799802e-02

5.889683021537147e+00 -3.159829939962517e+00
1.931503344486488e+00 -6.584778652296552e-01
3.571883529911060e+00 -4.660674601358239e-02
-1.742748508994110e-01 -8.463000786363384e+00
7.132872843189274e+00 -3.194500957324698e+00
3.858768516897289e-01 1.420051255550491e+00
-2.662154643802879e-02 3.305396479414102e-02

6.923630668861320e-01 6.371702791203109e-01
2.840850440772947e-01 1.660612736118784e-01
8.742928878877543e-01 -1.324339390128179e+00
1.438643123810641e+00 -5.818411448116670e+00
8.586120458444328e-01 1.796695337616767e+00
4.446107037740117e-01 3.786683639864405e+00
-2.865067321966749e-03 -2.179087799945361e-03

-4.779464775117269e+00 -2.070425426815984e+00
5.020884335506318e+00 -6.916071835508617e+00
-6.598180289558417e+00 -3.410654579088680e+00
8.173302924771068e+00 -1.228199909086194e+01
-6.373419067755789e+00 -2.425381944949711e+00
5.538013698592447e+00 -1.138468885663330e+01
-5.225778298687374e-03 -4.634306779180194e-02

-8.414359501728557e-01 1.148813914781764e+01
-1.424508247822606e+00 -2.601062430831884e+00
-9.577207640633807e-01 1.643869764280697e+01
1.114926555234108e+00 -2.233736037158090e+00
5.269960027501261e-01 4.727041087852948e+00
-4.817539763254023e+00 -3.724979148883823e+00
-5.616364363863608e-03 -9.756456085552002e-04

1.914713427690498e-01 2.686868769761827e+00
1.909543846337453e+00 -1.367438367531293e+00
-5.664599049170971e+00 4.298423421030733e+00
3.296734123077189e+00 -1.190177323577305e+01
1.016116139257950e-01 1.142264482486476e+00
4.460021261060434e+00 -4.613219858240267e-01
-1.037248468665054e-02 -1.348455661896616e-02

-2.369944235576900e+00 7.410394207881220e+00
-2.526204709762174e+00 -4.328478702236955e+00
4.111641663369680e+00 6.293065291203058e+00
-6.994589466458144e-01 2.282119092221169e+00
-2.940077636337306e-02 1.904229514017863e+00
3.428267640808458e+00 -2.466722531329938e+00
1.569018968997383e-02 9.666445277124640e-02

-1.062987799353297e+00 7.120728158531822e+00
2.337957034021150e-01 1.155886324282021e+01
3.670561138535946e+00 2.792663753737732e+00
-3.559613778432424e+00 3.950527361628953e+00
5.013980637390601e+00 6.228712148842041e+00
1.308703948672825e+00 3.488900641081944e+00
6.965450984964924e-03 6.979191234653880e-02

-9.083031646618183e-01 2.666809720629737e+00
1.438574728456333e+00 1.444572169945748e+00
6.740840480241251e+00 8.208939219346451e+00
-1.485002349282597e+00 1.286362644867358e+01
3.219329781712123e-01 1.215826405369118e+00
3.686750705887535e+00 2.206815986924931e+00
-1.569486981536465e-02 1.489494286026075e-02

-1.166815066330033e+00 9.927115992789554e+00
-1.113488946481027e+00 -3.730475801367176e+00
1.389341400770532e-01 5.726088079334610e+00
4.728733415705975e-02 2.943847367206724e-01
1.185353099098947e+00 1.756595580298635e+00
1.293109219375357e+00 3.999330622714431e+00
-1.883316717427957e-03 -2.770437944472737e-03

-5.571480009446093e-01 8.949390891071038e+00
-2.755329489793293e-01 6.341158453729106e+00
-1.544402471967680e+00 2.147523298006514e+00
-2.219667059471516e+00 9.422962491216927e+00
-1.821910997624218e+00 -1.239855028705966e+00
-3.274184872753295e+00 1.088398366408414e+01
4.747961423942780e-17 -6.262309856251950e-18

1.254731457124986e+00 1.411103030285271e+01
3.170378142515371e+00 -3.694006173567502e+00
-5.845902317129465e+00 1.678777639212677e+01
1.933987052950700e+00 2.513135975922210e+00
-1.095208590985956e+00 5.493166922190850e+00
-3.966729904877588e+00 -5.830838477626346e+00
-2.396261767398976e-02 -2.230422901940411e-02

1.035836383745755e+01 8.475165982295079e-01
8.260844996968942e+00 -2.030415124938684e+01
1.586368181503914e+01 1.187289259595786e+01
-6.359508568244898e-02 -2.184063055430198e+01
2.617654251877566e+01 -3.321166492604323e+00
4.010095157783999e+00 -9.902615150945980e+00
1.931865923392709e-01 -3.562152444487884e-02

-1.930434830279762e+00 1.413905090165871e+01
-2.372751142072728e+00 -5.126922459642779e+00
6.456899443619588e+00 -3.833839259646211e+00
6.127095290340050e+00 3.033798265618550e+00
5.294394354668405e+00 1.012497390508577e+01
-1.499899705612058e+00 -2.948224266091035e-01
-1.892289201709575e-02 7.380176154469127e-04

-1.175772111490995e+00 -4.901754936987425e-01
-2.887446971841426e+00 4.425046308211899e+00
-2.673156893031963e-01 -5.399833998322682e+00
-4.914844573662237e+00 5.123823590885810e+00
-7.314989255339137e-01 1.331161588949981e+00
-2.300579807449114e+00 3.873771588977666e+00
-4.618879704531295e-03 3.242720393069029e-02

2.296690583144319e+00 1.921969987343491e+01
-1.512723041083353e+01 1.812809736868577e+00
-9.183533689504640e-01 -7.810657515298271e+00
8.531209077969462e+00 -4.231601314811241e+00
-3.464982560109473e+00 4.952982414151705e-01
8.448584382541908e-01 -5.517437698210157e+00
2.094785655602440e-02 -5.223788475250882e-03

6.016868896610985e-01 1.166084077282541e+01
1.060471497233411e+00 -5.929615237190461e+00
9.196684784882323e-01 -5.735838945170487e+00
-6.263850563729131e+00 -1.665639798656601e+00
5.175866211328533e-01 3.930127106920843e+00
-2.137338260914371e+00 -3.940937177103849e+00
1.003523441088243e-02 -8.997937757189703e-04

2.137571983473816e+00 1.007395762139772e+01
-4.360832153337991e+00 6.482052487596578e+00
3.869476278286690e+00 -3.919522506321718e+00
-5.323269374723525e+00 -5.208842477946844e+00
2.735739577268026e+00 2.862266705185930e+00
-5.096603230211428e+00 5.069459428974470e-01
6.166802796637617e-18 1.242225333280841e-17

1.771050228827739e+00 -5.876533107339116e+00
9.470346097554119e-01 3.635152092286529e+00
2.631343761448406e-01 8.441441749371361e+00
4.979394716628560e-01 -9.244967475853876e+00
1.365966859128561e+00 1.868825321979412e+00
3.400964309096124e-01 -3.281178808496477e+00
-3.283810612325004e-03 5.162398216059180e-03

-3.370540111427260e+00 -5.832425210985535e-01
-7.585714155995751e-01 1.146784002994647e+01
9.674354172722468e-01 -2.591646544189247e+00
-1.303051497991992e+00 3.840240470623544e+00
-5.606236113157879e+00 5.080161699037324e-01
-3.939357859268364e-01 1.543078559463545e+01
1.663182344613643e-17 -2.927684254629530e-17

1.172575887012648e+01 -3.298682400781048e+00
-4.603430583871400e+00 -1.148419122492050e+01
6.879030730107938e+00 -6.937130483925787e+00
-9.591189514520423e+00 -2.228849511987229e+00
3.105861840554330e+00 -4.904391184236728e+00
-5.128174535054659e+00 3.717911246898495e+00
-4.421140649263916e-02 -2.916513795744523e-02

-1.338448242885250e+01 -1.600012072801194e+01
5.901980926103759e+00 1.089160742170012e+01
8.877293543010374e+00 -2.418269292590376e+00
1.780205093056406e+01 6.775780492323774e+00
3.439634391837064e+00 -2.052676530703998e+01
9.387202369357933e+00 3.235061936444630e+00
1.915359028542265e-01 -1.160857815573240e-01

9.757450816965360e+00 2.977662409933311e+01
-7.517583115582397e+00 9.196275571226693e+00
4.797393870800071e+00 2.900100622717485e+01
5.306676673048130e+00 -2.413968734168269e+00
8.232920833759509e+00 2.975778391678134e+01
-4.164204510588801e+00 5.152069071931351e+00
7.493802464080865e-01 -2.856970041631264e-01

-7.420813502039871e+00 1.316908308978000e+00
-2.308637798125686e-01 -1.316446273792393e+01
4.767042953025742e-01 -3.055719449782323e+00
2.832535548264574e+00 -3.380046516423751e+00
-1.148338112943730e+01 3.676263288358637e+00
-1.929128474896373e+00 -1.822277175456301e+01
-6.186774579319261e-18 3.247002052579994e-16

2.938544451470874e+00 -7.053537182783507e+00
1.108227555338769e+00 -4.882369517309249e+00
4.666339098705109e+00 5.672353879135255e+00
-6.429158226680376e-01 9.784183752835453e+00
4.254176398622691e+00 -2.001708454572750e-01
5.939564876535304e-01 3.127330341383246e+00
1.014367229510944e-03 -9.094870352961614e-03

-5.567307554051542e-01 1.553716270553777e+00
-2.434860563324230e+00 6.713904952138741e+00
3.510734540533196e-01 -6.791475795338771e-01
-2.219630262401957e+00 9.447623736784749e+00
-1.207047184321242e+00 8.433963970592748e-01
-1.411306180469590e+00 7.104730395073660e+00
2.610127965403697e-02 5.485738018383774e-02

-3.935819688403399e-01 6.622809397716896e+00
1.992099608786591e+00 3.193045771476086e+00
3.843715545064374e+00 5.740336185613356e+00
2.712895878011710e-01 -1.323096479365114e+00
8.596214553709769e-01 2.798190123029758e+00
-2.445957976941350e+00 2.486305524421267e+00
-1.594718012458910e-02 -1.004429835125259e-01

2.142297350211016e+00 -1.506792040917461e+00
-1.545681371081579e+00 1.407569540089190e+01
-2.554547668588264e+00 2.503559691938171e-01
2.360794403907541e+00 8.176460140340197e+00
4.287044024461653e-01 8.427788404960342e-01
-1.536510140750926e+00 9.972661474226463e+00
2.360377823215463e-02 3.627742030964780e-02

-2.128963251162858e+00 1.486341418401760e+01
1.760310072778366e+00 5.526697755817652e+00
4.406618495960444e+00 -3.233117530581890e+00
-5.066190109252827e+00 2.184249865412895e+00
5.419959738590825e+00 1.004374431295740e+01
1.912203398368941e-01 2.355520745575567e+00
1.991478792630746e-02 -1.378367437991382e-02

2.547036919437353e-01 1.492972834569060e+01
-1.959974599509946e+00 3.915245839882348e+00
2.565607113775184e+00 8.536069656991462e+00
-8.401730966614933e-01 2.519423162362400e+00
5.017707107175127e+00 7.552823726911162e+00
-1.457186645899327e-01 2.483232798802563e+00
1.253456010727049e-03 1.190541047008018e-02

3.818563842447504e+00 -6.123106963508859e+00
1.815385937559962e+00 -7.879867647362699e-01
2.604156636092478e+00 4.808316645180576e+00
-2.275742409978266e-01 1.064492116037940e+00
4.002525894577214e+00 6.190059923614447e+00
-1.941995619895891e-01 1.556279159857503e+00
2.761818522333506e-03 -4.995480588661994e-03

3.256273813729953e+00 1.061000105461476e+01
-5.768277244484930e+00 7.156799193484151e+00
9.406387338499879e+00 3.036443602296374e+00
1.805280207833457e+00 1.330691271825408e+01
9.028813305785330e-01 2.200088074135504e+00
2.641635735994325e+00 4.803406710332730e+00
3.545455620472204e-03 7.751123197799861e-02

-4.750009502039170e+00 1.542547616782749e+00
-1.299263443032241e+00 9.693931834909305e+00
-3.764342370391073e+00 -2.900775641265713e+00
-5.103571168645328e+00 9.104472819668272e+00
-6.809867423374938e-01 1.607938626775196e+00
-1.466159145394742e+00 6.255792202783947e+00
-6.458582391727469e-03 7.940940565251689e-02

1.390300091769340e+01 -6.629972943614086e+00
2.738965847201233e-01 1.529788184412808e+00
9.928064060275194e+00 2.056271928013566e+01
-1.834145650636101e+00 -2.194168925578502e-01
1.300022407361891e+01 6.995387120414667e+00
-8.388737550300439e-01 7.459949246916038e-01
-2.183488701898754e-03 3.007178794429109e-03

1.055261288029361e+01 7.967891742194677e+00
-9.710158356543378e+00 -1.151456945540014e+01
5.304226938337521e+00 -1.047869353687688e+01
8.677282236172061e+00 -1.063895142017374e+01
2.680693813417417e+01 -1.507768923133346e+01
6.274915062129203e+00 1.032960358956751e+01
-1.729653993143805e-01 1.373124718740065e-01

1.225515876914453e+00 2.725427414689747e+00
-1.055933485041812e+00 1.092842111756939e+01
2.387361402204973e+00 3.569771234153623e+00
-2.879614611161889e-01 9.832775361653177e+00
6.040586106459411e-01 -2.172186032092232e+01
-2.381755088939995e+01 1.189644563231738e+01
-3.870854610213869e-03 6.100184025354284e-03

4.746303643340855e-01 6.392467176538454e+00
-1.088882224204278e+00 8.970109109334706e+00
-1.483932622341342e+00 5.325987379718407e+00
-1.484522629347784e+00 1.032512506362771e+01
-1.375629718373033e+00 -5.386389987217168e+00
-8.124315393298689e+00 1.170174831847866e+01
-4.013356949781477e-19 -2.935803091504855e-16

9.022371850186959e-01 6.419457993779487e+00
-1.931993995726592e+00 9.438604488365140e+00
4.724460533157681e+00 -1.824822547576693e+00
-3.458960002027223e+00 -7.209345351590162e+00
2.590631132348938e+00 2.183864220293500e+00
-3.154630220680505e+00 1.139653017981950e+00
7.452162341330069e-04 2.374993317240552e-03

6.289687030226296e+00 6.591832310050838e+00
-1.836206251675535e-01 8.584403538844040e-01
3.242431297065245e+00 2.422611462534485e+01
-2.781402602526087e+00 4.460906165082530e-01
1.110806433816450e+01 1.288394816759756e+01
-1.098652194079136e+00 1.579245225690311e+00
-3.201660807367349e-03 5.901054853624334e-04

-3.063672551516569e+00 -1.129604711588717e+01
1.278174739916911e+01 -7.177136392778962e+00
-4.917221150748489e+00 -1.143684205008107e+01
1.362140173500762e+01 -8.842927364622533e+00
-8.399184668662642e+00 -6.366752635006246e+00
1.024951570610094e+01 -1.401279530620668e+01
-1.874662652568131e-02 -1.045783836585421e-01

1.266376003138074e+00 6.766585851941960e+00
-6.398640233190227e-01 1.044495682807045e+01
1.711978150133221e+00 1.871772097602518e+00
-1.045890641675220e+00 5.980710527863222e+00
2.615323943403042e+00 -4.179428433376214e-01
-6.124628471992992e-01 3.778017884553502e+00
5.036578044030885e-03 1.638045734296686e-02

5.576720552566343e+00 -1.011612827160402e+01
4.865298273264811e+00 1.332485959031552e+01
6.585615573350462e+00 -2.227307534454877e+00
9.094445637588404e+00 9.727507065958708e+00
1.428651354121042e+01 -5.838949208217408e+00
4.046524080328728e+00 6.600460857419711e+00
2.482376918995283e-02 -9.252790168791619e-02

-6.565539944408068e+00 1.106962367073433e+01
-2.466687117840460e+00 -1.796494177156675e+01
3.155554064088916e+00 3.218269356909993e+01
-1.654892420750949e+01 -8.449415624740642e-02
5.376820431562749e+00 1.780251861399967e+01
-3.019357976139833e+00 -4.551934494504136e+00
-1.031858361341025e-01 -1.247926645955644e-01

-3.221078449923738e-01 1.156122876862473e+01
3.952008960330418e-02 -2.726337296428789e-01
1.141711149514564e+00 -5.170441796343367e+00
1.388467518538011e+00 5.387582665494679e-01
-2.491735665387488e-01 2.041757438690050e+00
8.382546235185314e-01 1.250076501789974e-01
-6.812316155047167e-04 4.060049859698382e-04

-2.595724695284203e+00 -1.162824807051695e+00
-3.142290024348527e+00 9.930939477680454e+00
-2.857644568812638e+00 -8.503460892718538e-01
-3.187825971973549e+00 1.009861927953223e+01
-1.985555891779494e+00 -5.162201454844673e-02
-2.707755349285746e+00 1.025191369416262e+01
-1.795256081418802e-02 1.602727158445278e-01

-1.078968776060347e+00 9.777383114112736e+00
1.797949178809788e-01 4.037282348694698e+00
-2.439124286795418e-01 5.715076306996732e+00
5.989421948367074e-02 -2.962850444398701e-01
-1.872408583343406e-01 2.299259335833501e+00
-6.978437227643925e-01 -3.786103712210909e+00
2.436114682594749e-03 2.869785603263212e-03

-4.123451306458056e+00 -5.170288853129325e+00
2.888482616223605e+00 -1.404201230405429e+01
-6.280269428747118e+00 -7.753353660206530e-02
7.907958491146072e-01 -8.549598593045555e+00
-2.689351177805581e+00 -1.360362874613442e+00
4.556905242239685e+00 -1.004898748240415e+01
-1.469632300624380e-02 -4.145656834759474e-02

-9.747022794791278e-01 3.118164490832811e+00
3.502055798585744e-01 -1.054823654671485e+01
-1.000656488389051e+00 2.688111792014714e+00
1.852345936098908e+00 -9.522029434333426e+00
7.650636392922955e-01 1.608462997792329e+00
8.858700498824814e-01 -8.365389669344675e-01
1.117054497914891e-17 -9.181340969369641e-18

-3.773748620325551e+00 8.587069111391912e+00
-2.768148036912417e+00 -1.101901092671769e+01
2.488708220525260e+00 1.508942611787535e+00
4.293816723528769e+00 -2.871505040277653e+00
4.749586578242218e+00 6.552553392092838e+00
-1.750238246549573e+00 -1.073850228238329e+00
8.438698203765277e-04 -7.285722322921627e-02

-6.951749556107689e-02 -1.193341158949861e+01
-9.094410371312570e+00 5.477279391413729e+00
6.514722435914176e+00 6.630737797028734e+00
3.543740565955471e+00 -3.765000818656909e+00
6.409608683188293e+00 2.433391491178002e+00
3.711494864456764e-01 -2.729004345157468e+00
-3.394483980660824e-02 1.535928965230893e-02

1.980986534548393e+00 1.258104309157332e+01
-5.829296969270417e+00 6.026572013982314e-01
4.703910606223338e+00 8.194046090827847e+00
-1.201588839656150e+00 1.688839931219865e+00
-2.983591971255743e+00 -9.081113094263655e-01
4.480028885591354e+00 -7.693324147099228e+00
-1.861622357370148e-02 -5.768191609005958e-03

-1.352263809740837e-01 5.498967135640741e+00
-1.872576014282815e+00 1.244108601842119e+01
8.352683976602875e-01 2.909174793230738e+00
2.432645891630295e+00 9.641024228363687e+00
-8.095282225618616e-03 3.098417790895542e+00
9.637796434052852e-01 8.994080977104641e+00
-1.588701229144026e-02 4.683231408756715e-02

-2.189634872981068e+01 -1.478012338549622e+01
-1.186681937084026e+00 -2.117912926336530e+01
7.891911043824962e+00 3.862782913407057e+00
-1.739430600878787e+01 -5.548230145171354e+00
1.463061436260773e+00 -2.051161912571016e+01
-1.243607219885305e+00 -5.767562146176556e+00
-2.418677782145556e-01 1.237580544310867e-01

4.553230447899251e+00 5.892670649329523e+00
2.614226309696897e+00 -1.687558282059156e+01
7.642686241487416e+00 1.427829023228820e+01
-4.573803919231889e+00 -9.248145761510203e+00
1.663863742264795e+01 9.636371164560282e+00
5.002502308377686e+00 -2.231037761363273e+00
-1.105602724628140e-01 9.922430666953957e-02

-8.328248548993593e-01 6.833210929969363e+00
1.212406165261226e-01 -8.598318467475814e+00
-3.463178153129729e+00 4.742568892897570e+00
1.925501388616459e+00 -1.078561780010053e+01
-5.250488612829398e-01 -1.112843973787251e+01
1.527147952835887e+01 -8.063419377075826e+00
-2.708400816534800e-16 5.605084623660398e-16

-2.447594771714338e+00 3.609781257245539e+00
-1.456011400875352e-01 -4.273844507094479e+00
9.864623946017526e-01 7.704169645695595e+00
-2.067230190805238e+00 2.178902735009213e+00
-3.404528000743661e+00 2.620716143965734e-01
2.710262718321098e+00 -7.603669090230130e+00
1.492388531641515e-03 1.859689924639248e-02

6.666220286948261e-01 3.172370314967886e+00
-1.437363370402208e+00 1.682090739875130e+00
-3.601149619903102e+00 6.921470617364718e+00
-1.647944102256906e+00 1.112042922829668e+01
3.809459606771093e-01 2.379133246089301e+00
-2.729331753338709e+00 1.139781483375683e+00
1.133485017336930e-02 9.602487585860671e-03

7.471267989678441e+00 2.696937242596587e-02
1.468245005004087e+00 1.412932699088832e+00
-1.120293600071005e+01 -8.422794241611719e+00
2.663679281757645e+00 -1.331009955028632e+00
3.871514261022607e+00 -1.513264726335973e+01
3.674305587153340e+00 8.562351876835950e-01
-3.325461567587438e-03 5.187776669385387e-03

5.395541454386480e+00 -1.059824555733401e+01
-9.400419873129177e+00 -3.127551697489358e+00
2.050115199591376e+00 -9.575655867233714e+00
-1.012853560889123e+01 9.887701011907399e-01
-1.088065129576052e+00 -2.774853743621125e+00
-4.593491166055154e+00 8.022137071068684e+00
-2.545210210916627e-02 3.671255948776355e-02

2.979583718681800e+00 9.354070789067224e+00
-5.854221844715738e+00 -6.619567062839698e+00
3.665097582444513e+00 -1.156838306084069e+00
3.695029464950045e+00 -9.059189793863766e+00
1.417093170131196e+01 1.068798477482050e+01
-3.793997107183707e+00 3.723109070762739e+00
6.105966952515425e-02 -3.975672412929296e-02

1.110714793299766e+01 1.992014915305860e+00
-1.510918780779934e+00 7.019521746595266e+00
9.706543901658341e+00 -4.156880086221264e+00
5.758886878276150e+00 7.176829801153520e+00
-1.675225795231346e+00 5.231653290426200e+00
-1.550810308826217e+00 -8.184976994672921e+00
4.739286899066870e-02 3.608081790377551e-03

3.335239327684131e+00 2.468987863868108e+00
9.739075758834370e-03 -1.180755762039384e+01
3.898388860945172e+00 1.593116591880033e+00
4.137856264968296e-01 -2.997671210089217e+00
4.153719301130901e+00 1.512222359835853e+00
-9.531469121612947e-01 -1.187334633163852e+00
-1.497280916034275e-03 -2.375563993114071e-02

-4.282599462812408e+00 -7.034517988589286e-01
3.926641133614188e+00 -6.991252493329237e+00
-3.216739256561725e+00 -6.535543489788119e+00
8.657954599135291e+00 -8.048071167835385e+00
-3.682642112555786e+00 -9.285304281867912e-03
3.595221756786827e+00 -6.318176461939151e+00
-1.880869092215559e-02 -4.896098529581981e-02

-8.955686304807919e-01 1.131219217081254e+01
2.931146673973417e+00 1.159106484498290e+00
-5.852656456920561e+00 2.631737898233067e+01
1.649513455559133e+01 6.306759078914085e+00
1.523673130227353e+00 3.451915822602583e+00
-4.181284850898634e+00 -1.374656714245994e+00
2.419475202198639e-15 1.656965836937388e-15

1.586807435706266e+01 3.179602079418058e+01
-1.881622813804820e+01 1.084277060428998e+01
3.604254287302449e+00 3.627441547747766e+01
5.860226328318863e+00 -3.925350802533311e+00
9.229166973724249e+00 3.236235127701848e+01
-4.688275282699985e+00 6.867771836540454e+00
4.491421966036259e-01 -3.140655431078437e-01

-8.608574685842306e+00 4.229009097790386e-01
3.311700416134487e+00 6.980946805351311e+00
-2.243985377978774e+00 -4.144737877268204e+00
-5.349259230722317e+00 -4.930816565555577e+00
-5.881446263528340e-01 -1.058778135680619e-01
2.224217425650624e+00 -8.090719042057446e+00
-3.901738179937762e-02 3.643843737691423e-02

-2.498132663055097e-01 1.517515546820493e+01
9.987404733321357e+00 1.765380214806374e+00
-1.750802890485330e-01 -5.830410868925759e+00
-4.772074359054718e+00 3.899759146507604e+00
-9.419774534742497e-01 8.470294208642714e-01
-2.829663069721322e-03 3.743152797005847e+00
-1.467818029418806e-02 3.005172598622968e-04

-0.383189519398569136709e0 0.295073741835119183379e1
0.476946681583140938681e0 -0.106645392325209737144e2
0.110634825895964930889e1 0.252723345860251030282e1
0.870963132363906807152e0 -0.917366622315352647690e1
0.313655840503500636836e2 -0.327507736666718751416e2
0.354331592917200040374e2 0.216075535381768984028e2
0.176068858484819855514e-2 -0.519421225441481496608e-2

-4.056754477008345e+00 9.911328664855972e+00
-4.410874315235809e+00 -7.589083525979519e+00
-9.731198420543564e+00 -2.678720693884376e+00
8.179175043504543e+00 -1.326352746951475e+01
1.735072838558375e+00 -4.014681422016354e-01
5.901922491821804e+00 -1.797256210412804e+00
-3.545455620472121e-03 -7.751123197799875e-02

9.422043793054607e+00 -6.790793142537118e-01
-4.616855980404857e+00 3.127725594310399e+00
5.028666626946519e-01 -5.462624715371625e+00
-2.992793770901413e+00 -6.887240175958508e+00
1.043021204862067e+01 -1.019837869057114e+01
4.735132778651169e+00 9.774198439948250e-01
-5.667353835362432e-02 -1.021277206676786e-01

4.131900254473731e+00 1.081799687778383e+01
6.512442246287818e+00 -7.897531439125082e+00
8.710789972921841e+00 1.660440373682265e+00
-2.645114257813749e+00 -1.247642115757319e+01
-1.913313319654142e-01 2.737010723954045e+00
-1.568543907541968e+00 -3.574299852685938e+00
-3.545455620472197e-03 -7.751123197799870e-02

-1.984903492950764e+00 6.596609604059591e-01
-2.506925379393460e+00 6.447237187893907e+00
-1.586431628198882e+00 2.515910394361528e-01
-3.236599216473945e+00 1.048874578183252e+01
-1.887678890719448e+00 3.090749805173250e-01
-1.672035351033219e+00 8.930325902675893e+00
2.378208242739425e-03 4.648467362132824e-02

1.394711895592837e+01 2.716027184513181e+01
1.085194579954600e+01 -5.975347255033684e+00
7.544024519343985e+00 3.984817445790855e+01
-1.679542861579093e+01 7.566488135141903e+00
9.268605126844413e+00 3.268467042785604e+01
-4.451121003467927e+00 -2.550915658099769e+00
-4.135657997539608e-01 3.598265488674686e-01

-4.297152550289113e+00 7.571662420158195e+00
-2.741795059034108e+00 -9.411080912250190e+00
-4.989405143414882e+00 1.417312864457077e+01
-2.637432445645007e+00 -9.309984891879507e+00
-4.007356229146859e+00 4.129441479526480e+00
-2.797174459250247e+00 -9.462569808019607e+00
-1.024622793121388e-16 -5.515683498487782e-18

-9.537905664235165e+00 9.323107538051417e+00
-4.229552815859704e+00 -1.487240869221874e+01
-5.494380007354140e+00 1.063090310298122e+01
-4.307701334245216e+00 -1.151540342392871e+01
-1.024915680299732e+01 -1.283708421056925e+00
3.642052903777568e+00 -1.780381532166756e+01
2.385900070700008e-02 -4.209228285368204e-02

-5.779718739073443e+00 1.231777634453166e+01
-1.703420860547276e+00 -9.703882952295089e+00
-1.247037649330913e+00 2.008859259359155e+01
-6.720887008445993e+00 -7.482360180637392e+00
4.508513220864262e+00 7.041342964381397e+00
7.985105003894326e-01 -3.110033091628393e+00
3.745433031921026e-02 -1.677896427029200e-02

-1.942378622560018e+00 7.564027557578798e+00
-1.533957638223061e+00 -1.010205672873623e+01
-1.586675044644730e-01 1.718769004417106e+00
1.565943409660321e+00 -5.397346350329853e+00
2.198498924644959e+00 -3.332446616518724e-01
1.635905251998052e+00 -2.517008242806565e+00
-1.960831389212405e-03 -1.865087996907685e-02

-9.418176238389014e+00 1.472200048132601e+00
-8.918302322636794e-01 -1.628351151623660e+01
-5.196146686832767e+00 4.861473476103293e+00
-9.330854987554742e-01 -7.851453779739574e+00
-8.119518470720502e+00 9.118405665921645e-01
1.049816582960855e+00 -1.524308698919610e+01
-3.295700385638915e-03 -2.226819658493234e-02

1.455636978288224e+01 4.436954028848052e+00
1.031245726324991e+01 1.689613460486493e+01
8.845384792265728e+00 -1.007051909458429e+01
-4.262989990252247e+00 1.371540109027340e+01
2.576446282302972e+01 -1.563206403023029e+01
3.201888571740352e-01 -2.698102085095878e+00
1.958804392871017e-01 -1.764785117903461e-01

4.343306406086522e-02 7.577153304748934e-01
-1.944903631119396e-01 -1.783292800715532e-01
1.201142845627417e+00 -1.296279407781651e+00
-6.123004785706629e-01 5.756882854549242e+00
-5.907144987811438e-01 2.080461166664041e+00
-1.794167066992816e-01 -3.880030481821824e+00
6.002146751384654e-04 2.741472511590722e-03

-8.202694465515444e-01 3.644998406676280e+00
3.611634836390039e-01 -1.036498061733562e+01
2.245600944620482e+00 -1.078650329306031e-01
2.790484008579592e-01 7.631992834739465e+00
6.741379347050919e-01 1.657018492436308e+00
6.919546612368743e-01 -1.134496738981331e+00
9.851043373856798e-19 2.513802623093303e-18

8.299931627389796e+00 2.945182827386377e+01
-2.656826992927398e+00 -3.145156757017289e+00
8.557068486839404e+00 3.244917212802320e+01
-1.597377822048251e+01 7.748082109559181e+00
8.515797196062220e+00 3.024876817705091e+01
-5.721239670725600e+00 4.473421517994116e-01
-7.113834966495470e-01 3.603576072499121e-01

-9.303940524405885e-02 1.592974587890675e+01
-4.376580084425882e+00 1.330886995948593e+00
4.172804813016927e+00 -1.491868970438063e+00
1.201260076209562e+00 -1.175538711355673e+00
5.529942417467287e+00 1.025994790641800e+01
-1.673313035886907e+00 1.653558021508623e+00
1.468795899324853e-03 7.393605432370809e-03

-2.391960750075493e+00 -6.987757616794237e-01
2.568951885180270e-01 7.789320873476475e-01
8.258722059901606e-01 -2.874781990747127e+00
-1.989170533476356e+00 -3.022900089385916e+00
7.752367164365562e-01 7.451650568815733e-01
2.114662649465739e+00 -2.714669290262838e+00
-1.834826839300085e-03 9.093687852184627e-02

4.239591501673112e+00 4.193764287694376e+00
2.361563915669724e-01 4.296303672564880e-01
8.361516256201361e+00 -4.197013597714374e+00
1.705535383889138e+00 1.155556639397449e+00
9.634744685034700e+00 9.542585490694186e+00
-7.036795995729445e-01 1.373357904437012e+00
3.742583957146259e-03 1.250185222163294e-05

-3.330905901636088e+00 2.071505834883586e-01
3.980241645694978e+00 -7.116480521019803e+00
-2.813648356949522e+00 -3.317093385779392e+00
5.981626404490106e+00 -9.737884042140269e+00
-4.285540631978274e+00 -1.111257322001029e-01
3.350168694241344e+00 -7.802872293953340e+00
-3.670503244115139e-02 -5.008510789523360e-02

-5.261464940840708e+00 -6.613270566261952e+00
-3.816152068321739e+00 1.088238199592445e+01
-6.103068532798769e+00 -2.951544103315215e+00
-7.477878531268489e+00 1.004077840396639e+01
-3.021211152027935e+00 -4.104857647641050e+00
-6.324564986942651e+00 1.312263578473724e+01
3.545455620472107e-03 7.751123197799877e-02

-6.948507644498051e+00 9.139963450674993e-01
-1.746567196309987e+00 -6.115395178079772e+00
-1.265374582670865e+00 -3.165757838001978e+00
5.137195359886958e+00 4.092212890868227e+00
1.281438460456989e+00 1.457508707359737e-01
-8.194252964502011e-01 8.401624744642529e+00
2.157706378044891e-02 -2.857456497588628e-02

-3.941135869019992e+00 -2.235800279790867e-03
-1.884743202635697e-01 1.344754712001754e+01
-2.072052591476121e+00 4.206170029179315e+00
3.095710988766278e-01 5.911864509467108e+00
-3.332796102736448e+00 -2.603251134908668e-01
-1.268555298568159e+00 1.335799706364014e+01
3.714042729867749e-03 1.285855286086764e-02

4.587061558996147e+00 1.228870184959458e+00
6.074616905649950e-01 2.796648717731780e+00
-8.803147426967549e-01 4.931381923836960e-01
2.130786868517415e+00 -2.844935663658860e+00
1.219228241744775e+00 5.049763866118620e+00
-2.943428080681334e+00 -1.265240377926241e+00
-1.332206191008393e-02 1.049972483931466e-01

5.867281860714169e+00 -4.701843210390449e+00
2.260592777499176e+00 1.209549911407812e+01
4.149441542363251e+00 -1.932503171015576e-01
7.900630249319504e-01 2.887212504529657e+00
3.550161507070899e+00 -1.243992955043924e-01
1.727434840238618e+00 2.193977556544931e+00
6.253248712521385e-03 1.637939734436370e-02

-7.915693574365298e-02 -1.580570422334265e-01
-2.257117380134671e-01 1.440975364909648e+00
1.232161291257166e+00 -5.306961873658565e+00
-2.268557797204980e-01 1.907904932038952e+00
-7.734619987120483e-01 2.229262335355720e+00
-2.178268607340406e-01 1.222626937480925e+00
1.250588785781036e-03 8.155838070321430e-03

1.230000488224849e+01 9.393859644320088e+00
8.341897022085336e+00 -6.361331963995409e+00
1.380679197325466e+01 -6.161151932092190e-01
-3.160111828070581e+00 -9.878891033333197e+00
-2.746130064382940e+00 4.960676480921236e+00
5.061461569765306e-01 1.054916028735302e+01
-7.112535528728313e-02 -4.036846434459517e-02

5.718225373765209e+00 3.183274994415122e+01
-6.472818373188863e+00 2.341344181602723e+00
5.690386616605050e+00 3.141676905817992e+01
-4.487702325423371e+00 2.610560196383220e+00
5.673245649272618e+00 3.169096000380926e+01
-5.762027368719449e+00 2.266027470832974e+00
4.395574337376701e+00 -6.985572958816057e+00

4.909590041424308e+00 1.541490764945032e+01
9.313320637113442e+00 -2.004941562529436e+00
9.806467252437711e+00 8.539305522327751e+00
1.372126106630572e+00 -4.722176739255541e+00
-2.318141581350814e+00 2.316035284790030e-01
-3.107327103309749e+00 9.188638318518514e+00
4.639893399783811e-02 6.530975002803835e-03

-2.730436706393788e+00 1.661358634140775e+01
-5.260698994962625e+00 -2.204775573550305e+00
2.203022574048836e+00 2.106364489588653e+01
-6.333328572035684e+00 -2.705082760514975e-01
5.507047759748051e+00 9.980434686509311e+00
-2.490696243703633e+00 -3.150598275803779e-02
2.954223125604756e-04 -1.281847466849589e-02

-4.800145710789783e+00 9.138567419015489e+00
4.223904673918482e+00 8.791183687241888e+00
-7.073935325412101e+00 -2.349314796811524e+00
-7.263977541908524e+00 1.106497330186421e+01
1.961249029816476e+00 1.729983565083364e+00
-3.184679180013643e+00 2.029788946635636e+00
3.545455620472197e-03 7.751123197799878e-02

-2.738259694689385e+00 5.955286854774604e+00
-1.202310287402644e-01 1.132026223929277e+01
-5.718487054075625e-01 7.705607976289571e+00
5.636947819107394e-01 9.738474517789651e+00
-2.221617024366422e+00 -3.937003876026959e+00
-6.102701736984132e+00 1.265354242675205e+01
-1.249287217408451e-02 1.829495675245058e-02

8.670613060041875e+00 -2.613250288482707e+00
6.460125485899193e+00 -9.492697277162999e-01
1.547742207458514e+00 -7.105663515448043e+00
7.052870941524159e+00 7.055890346847386e+00
1.000307258323443e+01 -1.023532524835401e+01
-1.371068406199774e-01 2.348402344403651e+00
6.473619172288531e-02 1.015211269686509e-01

-9.353718248510128e-01 1.137851358252129e+01
-3.190846880474433e+00 -1.225319743285101e+00
-7.814383349359518e+00 2.936480569989796e+01
-2.002019516919047e+01 -8.306317607659256e+00
2.452086760788672e+00 1.946630723287324e+00
5.641215027418658e+00 2.279572019488064e+00
-6.924935797631131e-15 -5.557205002364848e-15

-1.872337399586194e+00 -1.194521470405019e-01
-2.100305972689587e-01 -7.921424526859523e-01
1.503090734396586e+00 -2.907488595633983e+00
2.704807501176522e+00 2.924315438782600e+00
1.800384461154085e+00 1.017073974096550e+00
-1.535955798514073e+00 3.137900630605380e+00
-1.389075240976038e-03 -8.810296390922466e-02

5.342350927545901e+00 -2.461138896505082e+00
-4.527936908599119e-01 -4.103088109759657e-01
4.010637615771460e+00 -3.025594535965996e+00
-1.280168952919915e+00 2.211333808352006e+00
4.295585881876292e+00 -1.580686455757806e+00
1.402181564989040e+00 1.411147173111494e+00
-4.454538182302634e-02 -1.402655592413130e-01

1.127224483542987e+01 2.709369444729338e+01
1.307534213724031e+01 -1.185624527309072e+01
1.240185357570819e+01 3.642370960048511e+01
-1.408892609543348e+01 -3.848434793491959e+00
1.378426538399960e+01 3.291397976094634e+01
-2.969456713083066e+00 -1.489638669473181e+00
-1.487973054729202e-01 7.051691812366304e-01

-8.835317575619113e+00 7.313980120419017e-01
1.930044430751732e-02 -1.405147044521430e+01
-1.661578160408146e-01 -2.172031515436559e+00
2.922729971785985e+00 -5.382310685636002e+00
-2.426066937158200e+00 5.229929303877998e+00
-4.479230847528571e+00 -7.642219806753380e+00
-3.545455620472190e-03 -7.751123197799865e-02

-1.287327733842796e+00 2.974565650073232e+00
-1.346938546333210e+00 -1.522428882869778e+00
4.453134059472787e+00 1.009383872194465e+01
2.353063702020331e+00 -1.140231023867580e+01
-2.390533058474031e-01 2.379897599277992e+00
-2.552853082780620e+00 -2.214335798826081e+00
1.644829945090742e-02 -1.125541718765398e-02

3.711246315926125e+00 2.231130081597348e+00
3.861396567870348e-01 -1.111683779764676e+00
1.500804785679220e+00 1.094239400113331e+00
-1.556728607239622e+00 1.433155614294815e+00
1.579846823857386e+00 3.456732442401134e+00
1.456694415102635e+00 1.868783925044267e+00
1.227646107101259e-02 -1.170612488045614e-01

-1.770836052250605e+00 7.891010306906649e+00
-6.499822721272648e-01 -8.746050685364605e+00
-4.605748023154831e+00 8.143894120182706e+00
2.280438115554206e-01 -1.099450710957129e+01
9.354865517027708e-01 -9.012296188941168e-01
5.005826937138153e+00 -3.371941298530416e+00
3.926841396370560e-03 -2.055552623695191e-03

-2.069386187219316e+00 9.342988674227864e-01
4.318959874937960e-01 -1.111357433581813e+01
-2.971568245960226e+00 2.973736617688378e+00
2.471333737759390e+00 -1.021139227707723e+01
-3.933741556972883e+00 1.349535078357669e+00
8.471321984286795e-01 -9.249218966064564e+00
3.545455620472177e-03 7.751123197799864e-02

-0.237045467204596422162e1 -0.324325751253132377118e1
0.133441297398793857478e1 -0.108072452364298912499e2
0.214799761112805217460e1 -0.113050050972511828724e1
-0.528859818429720555119e0 -0.651709355241746106325e1
0.337277934371361534909e1 0.227994642647598397354e2
-0.229279375213497899049e2 -0.474873241960481002558e1
-0.234567232790463174882e-17 -0.828769181056153530355e-18

1.555899225437952e+00 2.654678485443925e+00
1.324658762812781e-01 1.187822437953648e-01
1.551917027838546e+00 2.663514997971026e+00
1.103675350579790e-01 2.611921028352844e-01
1.562619096031700e+00 2.670007704909837e+00
2.894520358205049e-01 3.118878455583471e-01
5.113161041122556e-01 -5.153931734047247e-01

3.840536496911007e-01 7.801395576933745e+00
-9.817415082594403e-01 8.749702867553774e+00
-5.398771995008311e-01 8.869257918137626e+00
-8.867853111719777e-01 9.672531701197496e+00
2.283303483296703e+00 1.296362263170646e-01
-3.797265316003740e+00 4.387046003765816e+00
-2.362734138366406e-03 4.015605140884144e-03

-5.487218684692484e+00 3.845192290086654e+00
-1.228503453330003e+00 -1.169396602681467e+01
-1.482689002151089e+00 -6.755402222791695e-01
3.292229059035814e+00 -7.689436344273274e+00
-6.719546170891484e+00 -1.418416443540688e+00
4.035105280297337e+00 -1.292629351301367e+01
3.545455620472230e-03 7.751123197799885e-02

-5.480662039539554e+00 -6.754348954456365e+00
2.252218570145496e+00 -8.805954255920762e-01
-1.199871615938057e+01 -4.781833389621998e+00
1.911897724618409e+00 -2.032733046399738e+00
2.771490384228663e-01 -1.226769597819717e+01
3.218055226473660e+00 1.415825972987955e-01
-3.513468443448083e-03 1.744362627832297e-03

9.892819067000485e-01 1.526230111623439e+01
-5.241954312214988e+00 3.795402119854701e+00
-7.198296787614038e+00 1.620392108832929e+01
-2.711853554994600e+00 -3.339724698990919e+00
-7.705268530797094e-02 4.611680613378442e+00
3.975570879373124e+00 7.217429231116313e+00
1.976007277256284e-02 3.478310821018452e-02

8.839332266970643e-01 -3.944810632948301e+00
-3.164599493611417e-01 1.025843601503385e+01
3.903371297670907e+00 -1.113205337831160e+00
2.321213241436080e+00 7.605647921533648e+00
-1.300646776741964e+00 1.807875804061264e+01
1.952066970824478e+01 1.281364096330568e+01
-1.095252668155051e-15 -9.892546192887664e-16

-3.170401715934898e+00 1.893470042308347e+00
2.246451244510569e+00 -3.443984013808489e+00
-7.081049708165423e-01 1.490606796490738e+01
-5.999341350536993e+00 5.977831400135667e-01
-2.177548317735078e+00 7.381608545492957e-01
3.201581859383312e+00 -2.992945142837034e+00
-1.260141546962476e-02 1.822896662564847e-02

-6.247056806557334e-01 2.722784652915119e+00
-3.194278264358288e-01 -1.124667040379902e+01
3.249600079600395e+00 3.169273566945312e+00
3.477212300747359e-01 -1.270705238928210e+00
3.642764691074875e+00 3.900588493483449e+00
-1.314386663604892e+00 5.913437587049850e-02
8.911545335597683e-03 -2.088594150744599e-02

1.079826340087732e-01 4.175258404336281e+00
-7.078944501555537e-01 1.014867220942637e+01
2.515755098901135e+00 -2.482262271060257e-01
-5.764136687591344e-01 -7.594387629358814e+00
1.251024442181150e+00 1.857022254823298e+00
-1.008109956136587e+00 1.047371443931273e+00
3.730673294387112e-18 -4.609792649659384e-18

-4.694308923596819e-01 3.374131722921302e+00
1.610843646247409e-01 3.233152914316356e+00
2.343810678531817e-01 6.665086845168522e+00
1.016803562830664e+00 -2.021664576339203e+00
-6.498911589384770e-01 9.638765678352770e-01
-9.593385528213525e-01 6.889023858707390e+00
-2.190334845279552e-03 -1.610871281340299e-02

6.236785227166880e+00 -5.074497025752136e+00
1.793866485657447e+00 4.630501655525443e-01
4.111805064144793e+00 -2.742521146230970e+00
1.111679491821935e+00 1.876159387969192e-01
5.318774507808968e+00 7.564432474694607e+00
-1.043801847431278e+00 1.287475575356653e+00
-2.222505279216916e-04 -2.837549465120380e-03

1.050396853640981e+01 8.633790821294467e+00
-5.739490834850159e+00 1.808060543525333e+01
1.148003665320812e+01 1.429803622083680e+01
-8.622381180040071e-01 1.119271871800470e+01
1.773256805265980e+01 1.230702421705249e+01
-9.415365974429845e+00 6.756161992905843e+00
8.876682730749268e-02 -9.254172005607741e-02

-9.716314705239942e-01 1.387025495004950e+00
-3.633148754699074e+00 1.207208233583956e+00
-1.449642345774249e+00 1.582827891814629e+01
4.922850990817779e+00 1.244184120098266e+00
-4.381059804515730e-01 1.978534962557255e+00
-3.292117938157405e+00 8.813370178691673e-01
2.270212673685957e-02 -9.651915311606363e-03

-2.237277979858469e+00 1.756667744608519e+00
-2.538924725350291e-01 1.104081283861733e+01
5.862691385958029e-01 7.902220130857083e-01
-1.220338204057842e+00 8.217265720163054e+00
-1.483346955838683e+00 -8.061173899365182e-01
-2.816677607080068e+00 1.028688181459754e+01
-3.545455620472140e-03 -7.751123197799861e-02

-6.013493442679299e-01 2.901173810352745e+00
1.117603958890618e+00 5.621960246613251e-01
-3.294417422887066e+00 1.319787170640896e+01
-1.543090135089334e+00 -2.653069105863063e+00
-1.394493664538065e+00 1.639613347636276e+00
1.700797633135410e+00 5.986501086047304e-01
-7.623671788694088e-03 -4.790269200807451e-03

