91                                               

1.660385802081128e-17 -2.804098743102586e-17
1.769840681476678e-17 -1.766796561717518e-17
-2.666078943137889e+00 -4.982472777359449e+00
3.006712578422678e-17 -2.570470799693252e-17
-6.826602597407900e+00 -9.748043230639407e+00

1.298053100026916e-17 -2.445514476681834e-17
1.588946234119203e-17 -1.497382165188463e-17
2.666078943137887e+00 4.982472777359450e+00
2.778134780380051e-17 -2.121246552184763e-17
6.826602597407901e+00 9.748043230639411e+00

-1.745412529616783e-17 -1.677623378553191e-17
-1.825646651926523e-17 -1.518251378727301e-17
-1.136938004707752e-17 -6.087622195573044e-18
-1.713056775284603e-17 -1.557744140200619e-17
-1.161812096283098e-17 -2.421241010313306e-18

-6.166234237369543e+00 -2.830267938208606e+00
-6.174445678923425e+00 -2.775469635800683e+00
1.870487882685988e-15 1.173604089108058e-14
-1.154328797655722e+01 -5.013143381312662e+00
6.582385559741733e-15 2.541506384166689e-14

6.166234237369539e+00 2.830267938208602e+00
6.174445678923423e+00 2.775469635800680e+00
1.972597972115816e-15 1.157498976893080e-14
1.154328797655722e+01 5.013143381312652e+00
6.777794743117693e-15 2.503978784197120e-14

-1.611703517402860e-17 2.781562135107111e-16
-1.044474988402147e-15 2.766506154871478e-16
2.568550857185496e+00 8.367009340704559e+00
2.777292337439055e-16 7.014581660645073e-16
4.006652441313715e+00 -3.324411964348758e+00

6.961742394732467e-19 2.891174738701400e-18
3.019227663300829e-18 5.037638986492592e-18
-7.637859595437635e+00 1.540914473584208e+01
2.265270998871071e-19 3.984874669694777e-18
-1.252562727960027e+01 1.321809863904335e+00

-2.788719450232748e-15 -3.750467164902199e-15
-8.446220011803855e-15 -1.383392376060893e-14
2.972617605006036e-01 1.246982099329808e+01
-3.648600230410302e-15 -3.554018602811326e-15
3.294475922865170e+00 3.186766937613601e+00

-5.128381650551940e+00 -1.098560693584889e+00
-2.404337682628177e-01 -8.765779114316443e-01
-1.324779315706459e+00 1.104740574537955e+01
-1.084390091304603e+01 -1.614525357656967e+00
-1.783686547425218e-01 -3.238350980605623e+00

5.128381650551940e+00 1.098560693584887e+00
2.404337682628177e-01 8.765779114316439e-01
-1.324779315706455e+00 1.104740574537955e+01
1.084390091304603e+01 1.614525357656966e+00
-1.783686547425216e-01 -3.238350980605622e+00

7.560452146704511e-19 3.046991945820650e-18
2.568372178981623e-18 4.522576572468501e-18
7.637859595437646e+00 -1.540914473584208e+01
4.393304221971149e-19 4.202611298395242e-18
1.252562727960028e+01 -1.321809863904330e+00

-1.659696373325677e-17 2.773316543494612e-16
-1.041126604316125e-15 2.730258676735284e-16
-2.568550857185495e+00 -8.367009340704561e+00
2.748907682152564e-16 6.999691997027906e-16
-4.006652441313713e+00 3.324411964348757e+00

-2.837012287449699e-15 -3.728198296797317e-15
-8.624222126166743e-15 -1.376949997781398e-14
-2.972617605006009e-01 -1.246982099329808e+01
-3.696357372370209e-15 -3.518767784818696e-15
-3.294475922865165e+00 -3.186766937613601e+00

-5.128381650551939e+00 -1.098560693584890e+00
-2.404337682628173e-01 -8.765779114316549e-01
1.324779315706457e+00 -1.104740574537955e+01
-1.084390091304603e+01 -1.614525357656965e+00
1.783686547425317e-01 3.238350980605620e+00

5.128381650551942e+00 1.098560693584886e+00
2.404337682628133e-01 8.765779114316338e-01
1.324779315706455e+00 -1.104740574537956e+01
1.084390091304604e+01 1.614525357656966e+00
1.783686547425120e-01 3.238350980605628e+00

2.195651115724917e+00 -7.142986437819050e-01
3.822885142941377e+00 7.371086323244946e+00
8.162786586711807e-17 1.576636130843259e-16
4.954953148363174e+00 -4.679935733755486e+00
7.771918767712237e-17 -1.078112202147433e-16

9.054767032313779e-16 2.028369259519042e-15
-2.221903819311059e+00 9.612815974644013e+00
-7.449365655240315e-01 -7.220562917318354e+00
-1.396027152972201e+00 -1.260068338650260e+00
-7.029472049319743e+00 -7.490725011670615e+00

2.871714151971878e-15 2.887667674162153e-17
-2.221903819311056e+00 9.612815974644011e+00
7.449365655240276e-01 7.220562917318359e+00
-1.396027152972200e+00 -1.260068338650264e+00
7.029472049319744e+00 7.490725011670615e+00

-5.329230520828253e+00 4.450663960181538e+00
-3.352906505443287e+00 1.500782669500728e+01
-1.092629360275399e-15 -2.367674591156731e-15
-8.172709824410674e+00 6.041513233973172e+00
7.015869508178146e-16 -1.104399321579320e-15

4.245931232689812e-01 2.621999759915221e+00
-5.378231005444567e-01 1.106152246453706e+01
8.485680069346645e-18 1.469947397283253e-17
1.003530983340433e+00 1.269154005061119e+00
3.672721019579288e-18 -2.466924483258835e-18

-4.245931232689797e-01 -2.621999759915219e+00
5.378231005444558e-01 -1.106152246453706e+01
8.441941705578815e-18 1.447275778972754e-17
-1.003530983340433e+00 -1.269154005061118e+00
3.605918461042008e-18 -2.452217343781764e-18

-2.195651115724917e+00 7.142986437819063e-01
-3.822885142941380e+00 -7.371086323244946e+00
5.633556199861270e-17 1.866952330656609e-16
-4.954953148363175e+00 4.679935733755488e+00
1.059823847004346e-16 -1.014444486734213e-16

-5.653943079720058e-17 -3.972142321280087e-15
2.221903819311057e+00 -9.612815974644009e+00
-7.449365655240312e-01 -7.220562917318357e+00
1.396027152972201e+00 1.260068338650258e+00
-7.029472049319741e+00 -7.490725011670616e+00

4.150488981946933e-15 -1.415948113825407e-15
2.221903819311063e+00 -9.612815974644009e+00
7.449365655240348e-01 7.220562917318361e+00
1.396027152972207e+00 1.260068338650260e+00
7.029472049319745e+00 7.490725011670618e+00

5.329230520828251e+00 -4.450663960181536e+00
3.352906505443292e+00 -1.500782669500727e+01
-1.104131681490488e-15 -2.392269454332710e-15
8.172709824410671e+00 -6.041513233973166e+00
7.089657186967177e-16 -1.115966048342931e-15

5.332064336896365e+00 7.976542066940342e+00
2.038631931569784e+00 -9.850225246526133e-01
2.017573935720020e-19 -2.444472778872169e-20
5.521448450802664e+00 -5.198466054281555e+00
2.685239474707025e-19 7.912610831364492e-21

-4.522985200262077e-01 1.434354643903168e+01
-4.236251456199307e-01 1.332964799795000e+01
5.029168195577213e-17 1.732735669021183e-17
-5.297190698674505e+00 8.824879923919848e+00
1.605284926436641e-17 1.666568698863357e-17

2.488405174509642e-01 1.178699107363050e+01
4.018934229216529e-01 2.605196798618645e+00
-7.677137515762418e-20 -4.216905825922084e-19
1.036736596986400e+00 1.364951334235797e+00
-3.215994215146259e-20 -5.700277587549399e-19

5.392436693463356e+00 7.138734338382442e+00
-2.133751054506647e+00 -2.045333112936862e+00
-1.580420390210809e+00 1.239375782443098e+01
4.809546412030166e+00 -5.845355004617462e+00
-2.774579317959919e+00 2.966780782118944e+00

-1.608182179135058e+00 1.394642600319333e+01
-6.906723400471912e+00 -8.264632990043167e-01
5.338332280631179e-01 7.095038810246695e+00
-3.490673424012549e+00 6.289041540517485e+00
4.049382362609811e+00 -3.240801353086344e+00

-7.299037487052065e-01 1.295661325282082e+01
2.626169323275682e+00 5.141244475891479e-01
-1.645847415089725e+00 1.250632779567672e+01
-3.459184818866053e+00 3.763560509654926e+00
-4.516280124219469e+00 2.657190950051746e+00

-1.855074825351204e+00 1.017784290458148e+01
-5.950852872940161e+00 7.400320021054847e+00
5.982007994536058e-01 1.406331754736287e+01
-7.505493924621909e+00 5.512767094100792e-01
-5.624693974909251e+00 9.235542340789573e+00

5.392436693463361e+00 7.138734338382445e+00
-2.133751054506643e+00 -2.045333112936860e+00
1.580420390210806e+00 -1.239375782443098e+01
4.809546412030168e+00 -5.845355004617460e+00
2.774579317959917e+00 -2.966780782118945e+00

-7.299037487052065e-01 1.295661325282082e+01
2.626169323275677e+00 5.141244475891464e-01
1.645847415089727e+00 -1.250632779567671e+01
-3.459184818866053e+00 3.763560509654925e+00
4.516280124219469e+00 -2.657190950051744e+00

-1.608182179135059e+00 1.394642600319333e+01
-6.906723400471916e+00 -8.264632990043150e-01
-5.338332280631168e-01 -7.095038810246699e+00
-3.490673424012549e+00 6.289041540517488e+00
-4.049382362609811e+00 3.240801353086345e+00

-1.855074825351206e+00 1.017784290458148e+01
-5.950852872940157e+00 7.400320021054847e+00
-5.982007994536045e-01 -1.406331754736286e+01
-7.505493924621906e+00 5.512767094100848e-01
5.624693974909245e+00 -9.235542340789571e+00

4.332783641712405e+00 4.641334305506573e+00
3.637022194841414e+00 3.205389565004234e+00
1.055120442029512e-20 -4.675805957994095e-21
3.575000135447103e+00 -6.968623304794422e+00
5.209888350064605e-20 8.045624167227877e-20

-3.719055060827109e+00 1.645924014279877e+01
-6.369355748632612e+00 3.977078084664786e+00
1.148428073760278e-19 -2.178160396747143e-19
-9.877519587977075e+00 6.172769274520171e+00
7.811054111507986e-20 -4.447050078049077e-19

-5.008443126134425e-01 1.104339411236816e+01
-1.309073483142361e+00 1.021623428089619e+01
4.223740694430453e-01 -3.309682235276268e-01
-1.225548772020792e+00 -2.878102242807196e+00
1.021134968269797e+01 -1.005098728984674e+00

-5.008443126134443e-01 1.104339411236816e+01
-1.309073483142363e+00 1.021623428089619e+01
-4.223740694430432e-01 3.309682235276261e-01
-1.225548772020792e+00 -2.878102242807199e+00
-1.021134968269797e+01 1.005098728984674e+00

-3.433867121284440e-02 1.104718424222194e+01
-9.667536369931771e-01 1.021922045743462e+01
-5.259650487060332e-14 -7.287104546804860e-15
2.938718562273404e-01 1.457101728772592e+00
-8.082000068210863e-15 -9.612869876450081e-16

2.759273717099515e-01 -9.741226523268251e+00
-4.921659845297830e-01 1.263883670198586e+01
8.714254517429621e+00 -1.536246753700865e-01
2.313373104334699e-01 4.109058653308049e+00
1.074209059166471e+01 3.191531123935221e-02

-2.357122073777329e+00 1.612266252692100e+01
-4.285892861160656e+00 4.350058131683753e+00
-9.646061060686550e-02 9.254739248504045e+00
-8.676248949583755e+00 7.667203666993673e+00
-7.326108650504443e-01 -1.054504743625549e+00

2.759273717099493e-01 -9.741226523268255e+00
-4.921659845297892e-01 1.263883670198587e+01
-8.714254517429623e+00 1.536246753700801e-01
2.313373104334639e-01 4.109058653308049e+00
-1.074209059166472e+01 -3.191531123935576e-02

-2.357122073777332e+00 1.612266252692100e+01
-4.285892861160654e+00 4.350058131683751e+00
9.646061060686328e-02 -9.254739248504041e+00
-8.676248949583753e+00 7.667203666993671e+00
7.326108650504416e-01 1.054504743625548e+00

6.425584854784998e-01 -1.180470013469115e+01
-4.156429470578821e-01 1.775127564101591e-01
-5.390182984130164e+00 -1.094131631793476e+00
-9.912240078778606e-01 3.243531886790892e+00
-1.122887111527944e+01 -2.130245033320841e+00

6.425584854785029e-01 -1.180470013469115e+01
-4.156429470578826e-01 1.775127564101611e-01
5.390182984130165e+00 1.094131631793476e+00
-9.912240078778634e-01 3.243531886790895e+00
1.122887111527944e+01 2.130245033320844e+00

6.100892700638513e+00 3.945943593612199e+00
2.313576614262804e+00 -1.348636275599018e+01
-1.829690226680664e-17 -3.933069616050657e-17
5.812415309635298e+00 -8.174082442670713e+00
1.030228727882242e-17 -3.158473914992279e-17

-2.301064140673212e+00 1.438367055952245e+01
-5.776517664248210e+00 -3.580941291585484e+00
-1.038670482143970e-18 2.094966076709784e-18
-6.225972611349239e+00 7.638007569956420e+00
3.113222635015801e-18 2.615218227792368e-18

-1.622208104570366e-01 9.795505984181563e+00
7.653406848601256e-01 -9.148758840671359e+00
-4.772897502343049e-18 2.444725709568702e-17
-6.484444529542231e-02 7.709920833256897e-02
2.938163162170505e-18 7.819528725014296e-19

2.549384449449287e+00 4.509676282314492e+00
-1.597050345389301e+01 -1.181480308104069e+01
-1.068792968014632e+01 2.006456802549814e+01
1.778433401478290e+00 -1.170733093775814e+01
-1.036918918224764e+01 1.420498028818653e+00

-3.077937717874948e-01 1.312888473970853e+01
-1.266876409627237e+00 1.113741135244135e+00
4.402592690902100e+00 7.086233800660346e+00
-1.631611020709744e+00 4.300258257125003e+00
5.342112555047056e+00 -4.543762800913847e+00

3.640158647241467e-01 9.132879114550727e+00
4.691794172837074e+00 -9.439619132838233e+00
6.332755005923426e+00 6.720041215160662e+00
-3.074289521414446e-01 -1.489070491252019e+00
2.487669844332418e+00 -2.022301221693605e+00

4.518054035429622e-02 1.042829775619959e+01
7.139550386045154e-01 -5.194162524636081e+00
-2.584419589920561e-01 8.286552865737821e+00
5.102162792297265e-01 4.164095577877381e-01
1.002433247246705e+00 6.676877571111569e-01

2.549384449449306e+00 4.509676282314571e+00
-1.597050345389273e+01 -1.181480308104024e+01
1.068792968014589e+01 -2.006456802549794e+01
1.778433401478251e+00 -1.170733093775791e+01
1.036918918224741e+01 -1.420498028818757e+00

-3.077937717874963e-01 1.312888473970853e+01
-1.266876409627236e+00 1.113741135244139e+00
-4.402592690902103e+00 -7.086233800660343e+00
-1.631611020709741e+00 4.300258257125003e+00
-5.342112555047056e+00 4.543762800913846e+00

3.640158647241449e-01 9.132879114550729e+00
4.691794172837066e+00 -9.439619132838228e+00
-6.332755005923423e+00 -6.720041215160657e+00
-3.074289521414467e-01 -1.489070491252016e+00
-2.487669844332415e+00 2.022301221693608e+00

4.518054035429575e-02 1.042829775619960e+01
7.139550386045110e-01 -5.194162524636059e+00
2.584419589920666e-01 -8.286552865737837e+00
5.102162792297293e-01 4.164095577877426e-01
-1.002433247246707e+00 -6.676877571111642e-01

-2.488405174509669e-01 -1.178699107363050e+01
-4.018934229216523e-01 -2.605196798618645e+00
-1.513806719911268e-20 -3.167278351753533e-19
-1.036736596986399e+00 -1.364951334235796e+00
2.164642616770343e-20 -4.132414855611524e-19

-5.332064336896361e+00 -7.976542066940334e+00
-2.038631931569781e+00 9.850225246526144e-01
1.889205246377811e-19 4.212817474352885e-20
-5.521448450802659e+00 5.198466054281558e+00
2.407755423903036e-19 9.156991869314504e-20

3.719055060827112e+00 -1.645924014279877e+01
6.369355748632615e+00 -3.977078084664787e+00
1.110691873932451e-19 -2.212148648981227e-19
9.877519587977075e+00 -6.172769274520173e+00
7.782063399441317e-20 -4.554518172658149e-19

1.608182179135057e+00 -1.394642600319332e+01
6.906723400471910e+00 8.264632990043186e-01
5.338332280631164e-01 7.095038810246693e+00
3.490673424012551e+00 -6.289041540517485e+00
4.049382362609809e+00 -3.240801353086344e+00

7.299037487052082e-01 -1.295661325282082e+01
-2.626169323275678e+00 -5.141244475891511e-01
-1.645847415089727e+00 1.250632779567671e+01
3.459184818866054e+00 -3.763560509654925e+00
-4.516280124219472e+00 2.657190950051746e+00

1.855074825351208e+00 -1.017784290458148e+01
5.950852872940158e+00 -7.400320021054855e+00
5.982007994536058e-01 1.406331754736286e+01
7.505493924621909e+00 -5.512767094100877e-01
-5.624693974909244e+00 9.235542340789571e+00

-5.392436693463355e+00 -7.138734338382447e+00
2.133751054506651e+00 2.045333112936841e+00
-1.580420390210805e+00 1.239375782443098e+01
-4.809546412030166e+00 5.845355004617454e+00
-2.774579317959923e+00 2.966780782118951e+00

2.357122073777337e+00 -1.612266252692100e+01
4.285892861160657e+00 -4.350058131683752e+00
-9.646061060686417e-02 9.254739248504041e+00
8.676248949583757e+00 -7.667203666993668e+00
-7.326108650504435e-01 -1.054504743625547e+00

7.299037487052056e-01 -1.295661325282082e+01
-2.626169323275681e+00 -5.141244475891451e-01
1.645847415089723e+00 -1.250632779567672e+01
3.459184818866053e+00 -3.763560509654925e+00
4.516280124219470e+00 -2.657190950051746e+00

1.608182179135059e+00 -1.394642600319333e+01
6.906723400471912e+00 8.264632990043193e-01
-5.338332280631186e-01 -7.095038810246695e+00
3.490673424012552e+00 -6.289041540517488e+00
-4.049382362609813e+00 3.240801353086344e+00

1.855074825351209e+00 -1.017784290458147e+01
5.950852872940160e+00 -7.400320021054853e+00
-5.982007994536094e-01 -1.406331754736286e+01
7.505493924621912e+00 -5.512767094100837e-01
5.624693974909242e+00 -9.235542340789575e+00

-5.392436693463356e+00 -7.138734338382444e+00
2.133751054506646e+00 2.045333112936848e+00
1.580420390210806e+00 -1.239375782443098e+01
-4.809546412030165e+00 5.845355004617453e+00
2.774579317959919e+00 -2.966780782118948e+00

2.357122073777332e+00 -1.612266252692100e+01
4.285892861160655e+00 -4.350058131683753e+00
9.646061060686417e-02 -9.254739248504045e+00
8.676248949583760e+00 -7.667203666993673e+00
7.326108650504430e-01 1.054504743625549e+00

2.301064140673211e+00 -1.438367055952244e+01
5.776517664248209e+00 3.580941291585483e+00
-1.151140882208081e-18 2.249132714032876e-18
6.225972611349235e+00 -7.638007569956418e+00
3.222482720791305e-18 2.807957077718668e-18

-6.425584854785020e-01 1.180470013469115e+01
4.156429470578819e-01 -1.775127564101593e-01
-5.390182984130165e+00 -1.094131631793475e+00
9.912240078778594e-01 -3.243531886790889e+00
-1.122887111527944e+01 -2.130245033320840e+00

-6.425584854784981e-01 1.180470013469115e+01
4.156429470578840e-01 -1.775127564101590e-01
5.390182984130165e+00 1.094131631793476e+00
9.912240078778649e-01 -3.243531886790890e+00
1.122887111527944e+01 2.130245033320842e+00

-6.100892700638510e+00 -3.945943593612197e+00
-2.313576614262804e+00 1.348636275599017e+01
-1.817301012292823e-17 -3.946113673105654e-17
-5.812415309635297e+00 8.174082442670713e+00
1.044155265808795e-17 -3.160446502096169e-17

1.622208104570346e-01 -9.795505984181570e+00
-7.653406848601272e-01 9.148758840671361e+00
-3.649725903307168e-18 2.602157980046645e-17
6.484444529542094e-02 -7.709920833256871e-02
3.154625133377259e-18 6.841683089358696e-19

3.077937717874955e-01 -1.312888473970854e+01
1.266876409627241e+00 -1.113741135244137e+00
4.402592690902100e+00 7.086233800660345e+00
1.631611020709743e+00 -4.300258257125006e+00
5.342112555047053e+00 -4.543762800913846e+00

-2.549384449449247e+00 -4.509676282314478e+00
1.597050345389328e+01 1.181480308104068e+01
-1.068792968014634e+01 2.006456802549838e+01
-1.778433401478190e+00 1.170733093775822e+01
-1.036918918224776e+01 1.420498028818734e+00

-3.640158647241467e-01 -9.132879114550731e+00
-4.691794172837070e+00 9.439619132838219e+00
6.332755005923417e+00 6.720041215160663e+00
3.074289521414420e-01 1.489070491252012e+00
2.487669844332412e+00 -2.022301221693603e+00

-4.518054035429664e-02 -1.042829775619960e+01
-7.139550386045104e-01 5.194162524636061e+00
-2.584419589920666e-01 8.286552865737836e+00
-5.102162792297290e-01 -4.164095577877417e-01
1.002433247246706e+00 6.676877571111631e-01

3.077937717874963e-01 -1.312888473970853e+01
1.266876409627241e+00 -1.113741135244138e+00
-4.402592690902098e+00 -7.086233800660344e+00
1.631611020709743e+00 -4.300258257125005e+00
-5.342112555047052e+00 4.543762800913842e+00

-2.549384449449346e+00 -4.509676282314549e+00
1.597050345389254e+01 1.181480308104046e+01
1.068792968014606e+01 -2.006456802549774e+01
-1.778433401478383e+00 1.170733093775792e+01
1.036918918224739e+01 -1.420498028818609e+00

-3.640158647241467e-01 -9.132879114550732e+00
-4.691794172837069e+00 9.439619132838228e+00
-6.332755005923421e+00 -6.720041215160659e+00
3.074289521414416e-01 1.489070491252012e+00
-2.487669844332411e+00 2.022301221693605e+00

-4.518054035429531e-02 -1.042829775619960e+01
-7.139550386045129e-01 5.194162524636073e+00
2.584419589920577e-01 -8.286552865737825e+00
-5.102162792297270e-01 -4.164095577877405e-01
-1.002433247246705e+00 -6.676877571111588e-01

5.008443126134470e-01 -1.104339411236816e+01
1.309073483142364e+00 -1.021623428089619e+01
4.223740694430445e-01 -3.309682235276239e-01
1.225548772020794e+00 2.878102242807196e+00
1.021134968269797e+01 -1.005098728984676e+00

5.008443126134443e-01 -1.104339411236816e+01
1.309073483142362e+00 -1.021623428089619e+01
-4.223740694430419e-01 3.309682235276266e-01
1.225548772020792e+00 2.878102242807201e+00
-1.021134968269797e+01 1.005098728984676e+00

3.433867121282574e-02 -1.104718424222194e+01
9.667536369931620e-01 -1.021922045743462e+01
-5.261521714528406e-14 -5.939207754790544e-15
-2.938718562273520e-01 -1.457101728772586e+00
-8.089549852544875e-15 -7.349396158326444e-16

-4.332783641712404e+00 -4.641334305506572e+00
-3.637022194841413e+00 -3.205389565004234e+00
-1.653271985435805e-16 -1.828640242187931e-17
-3.575000135447094e+00 6.968623304794421e+00
1.010353686361588e-16 3.132952293092421e-16

4.522985200262033e-01 -1.434354643903167e+01
4.236251456199263e-01 -1.332964799794999e+01
5.118208977493265e-17 1.730493258069608e-17
5.297190698674498e+00 -8.824879923919845e+00
1.639905908590591e-17 1.682195335563421e-17

-2.759273717099484e-01 9.741226523268253e+00
4.921659845297879e-01 -1.263883670198588e+01
8.714254517429630e+00 -1.536246753700823e-01
-2.313373104334659e-01 -4.109058653308056e+00
1.074209059166472e+01 3.191531123935265e-02

-2.759273717099529e-01 9.741226523268258e+00
4.921659845297857e-01 -1.263883670198586e+01
-8.714254517429607e+00 1.536246753700836e-01
-2.313373104334675e-01 -4.109058653308038e+00
-1.074209059166471e+01 -3.191531123935665e-02

