5                                                

1.530188400357165e+00 2.677476752592732e+00
1.492257805374361e-01 1.913101684534655e-01

-1.744089091430554e+00 1.580129659307692e-01
-2.297377916244889e+00 9.925232393468439e+00

-7.353240444150387e+00 -1.585984340015938e-01
3.725869045106010e+00 -1.340377783223762e+01

5.622009972827565e+00 3.167009935515377e+01
-5.571111617533320e+00 1.958371169395640e+00

4.204599417692803e+00 -2.226946615215062e+00
1.092185534197579e+00 2.981432833932349e-01

